商品名,顧客属性,問い合わせ元サイト,大区分NO,大区分名,小区分NO,小区分名,ユーザーの意図(Intent),意図要約(短),対象機能(Target Function),Webサイトのバリア(Barrier),バリア要約(短),Web自己解決可能性,推定発生ページ,発生タイミング,重要キーワード,緊急度,顧客の生の声,OP改善点,商品カテゴリ小カテゴリ,,,,
フードパック 折フタ式 小12.8cm 100個,事務担当,不明,7,インボイスについて,2,領収書でのインボイス希望,インボイス登録番号付き領収書/請求書の再発行を依頼したい,インボイス領収書再発行依頼,帳票発行,なし,なし,中,不明,帳票発行時,インボイス登録番号;領収書;請求書;再発行;注文番号52-708-7-2;折パック;フート゛ハ゜ック;折フタ式;小12.8cm;100個;数量3;合計1320,中,インボイス登録番号付きの領収書（もしくは請求書）の再発行をお願いできませんでしょうか？,不明,フードパック・惣菜容器,,,,
不明,不明,不明,6,納期について,3,納期確認（ご注文前）-いつ届くのか,当日出荷予定の商品を指定日午前着にしてほしい,10/31午前着へ前倒し希望,納期確認,なし,なし,低,商品ページ,注文前,当日出荷;10月31日;金;午前着;発送,高,10月31日（金）午前着でなんとかお願いできないでしょうか？,不明,不明,,,,
ハンガー,事務担当,不明,4,ご利用について,7,支払方法と納期の関係について,振込ができないため支払方法をクレジットに変更したい,振込不可でカード決済へ変更,支払,振込時に「口座がありません」と表示され支払できない,振込口座なし表示で支払不可,低,ご利用ガイド（お支払いについて）,支払時,ハンガー;振り込み;口座がありません;クレジット決済に変更,中,口座がありませんとなってしまいます。;出来ればクレジット決済に変更したいと思います。,不明,衣料品用ハンガー,,,,
不明,事務担当,不明,3,注文について,2,入金確認,振込ができたことを連絡したい,訂正後に振込完了の連絡,入金確認,なし,なし,中,不明,支払時,振り込み;訂正;できました,低,訂正して振り込みできました。,不明,不明,,,,
不明,不明,不明,6,納期について,3,納期確認（ご注文前）-いつ届くのか,納期を早められるか相談したい,納期前倒しの可否確認,納期確認,なし,なし,低,不明,不明,納期;早め,中,もう少し納期を早められませんか？,不明,不明,,,,
不明,不明,不明,6,納期について,3,納期確認（ご注文前）-いつ届くのか,商品を10/31着で発送してほしい,10/31着で発送依頼,納期確認,なし,なし,低,不明,注文前,10月31日;金;着;発送;根岸,高,こちらの商品も10月31日（金）着で発送をお願いできないでしょうか？,不明,不明,,,,
不明,事務担当,不明,7,インボイスについて,1,納品書の再発行依頼,納品書を再発行してほしい,納品書の再発行依頼,帳票発行,なし,なし,中,不明,帳票発行時,納品書;再度;再発行,中,恐れ入りますが、納品書を再度頂きたいです。,不明,不明,,,,
不明,事務担当,不明,4,ご利用について,10,NP掛け払いによる手続きエラー,オープンアカウントの申し込みをしたい,オープンアカウント申込,支払,なし,なし,中,お申し込みフォーム,不明,オープンアカウント;申し込み,低,オープンアカウントの申し込み,不明,不明,,,,
カタログ,不明,不明,9,カタログ・DMについて,1,カタログを止めてほしい,カタログ停止をしたいがログインできないため確認してほしい,カタログ停止希望とログイン不可,ログイン,ログインできずカタログ停止手続きができない,ログインできず停止手続き不可,中,ログイン/マイページ,不明,カタログ;止めたい;ログインできません;広島県福山市奈良津町3-10-16-101,中,カタログが届くので止めたいのですが ログインできません。,不明,不明,,,,
ライト,不明,不明,5,クレーム,4,商品が届かない,ライトが未着のため状況確認したい,ライト未着の問い合わせ,配送状況確認,なし,なし,中,注文履歴詳細,配送後,ライト;届いてません,中,ライトは届いてません。,不明,その他照明器具,,,,
不明,不明,不明,6,納期について,3,納期確認（ご注文前）-いつ届くのか,10/29出荷・10/30着で手配したい,10/30着希望の納期相談,納期確認,なし,なし,低,ご注文の確認,注文時,10/29出荷;10/30着希望;電話ください;中島;09039334376,高,10/29出荷 10/30着希望です。 難しい場合はお電話ください。,不明,不明,,,,
フェイスアウトハンガー（可動式ハンガーパイプ）,店舗オーナー,ストエキ（公式サイト）,1,商品単品の仕様について,2,陳列ディスプレイ商品について（ハンガー、マネキン、卓上ディスプレイ）,可動式ハンガーパイプ（フェイスアウトハンガー）の穴位置や幅など仕様を確認したい,フェイスアウトハンガー仕様確認,商品仕様確認,パイプ単体販売不可で代替入手が難しい,パイプのみ販売がなく困っている,中,商品ページ,注文前,可動式;ハンガーパイプ;フェイスアウトハンガー;パイプのみ;個別販売;穴の位置;幅900mm;幅1200mm;店舗設計;Good On -flagship shop-,低,穴の位置はどこにありますか？また、幅は900mmと1200mmのみでしょうか？,不明,その他ハンガーラック,,,,
不明,事務担当,不明,4,ご利用について,2,会員登録できない,法人登録の手順を知りたい,法人登録手順の問い合わせ,会員登録,なし,なし,高,新規会員登録,新規登録時,法人登録;手順,低,法人登録を行いたく思っております。 手順等伺えますと幸いです。,不明,不明,,,,
ディスプレイドラム ウッドドラム,不明,不明,1,商品単品の仕様について,8,その他商品について,ディスプレイドラムの詳細仕様と在庫・納期を確認したい,ディスプレイドラム仕様と在庫納期確認,在庫確認,なし,なし,中,商品ページ,注文前,61-752-14;ディスプレイドラム;ウッドドラム;詳細仕様;在庫;納期,低,61-752-14 ディスプレイドラム ウッドドラム こちらの詳細仕様・在庫納期について確認したくご連絡いたしました。,不明,その他単体什器,,,,
マグネットハンガーポップ立て アンティークゴールド,不明,不明,1,商品単品の仕様について,6,看板・POP商品について,色味が混在している理由（ロット違い）と色指定可否を確認したい,色味混在の理由と色指定可否,商品仕様確認,商品ページ写真と実物の色味差/個体差がある,色味が混在し指定可否が不明,低,商品ページ,注文後,マグネットハンガーポップ立て;61-429-9-4;アンティークゴールド;色味;混在;ロット;右の色味;指定,中,お写真右の色味と左の色味が混在しているようでして、こちらはロットの違いでしょうか？;右の色味のものが欲しいのですが、指定することはできるものでしょうか？,不明,ポップスタンド,,,,
透明袋チャック付 17×24cm 100枚,不明,不明,6,納期について,5,納期確認（ご注文後）-いつ届くのか,入荷待ち品以外を先に分納・一部先出ししてほしい,入荷待ち以外の先出し発送希望,配送手配,一括発送予定で分納可否が不明,入荷待ちで一括発送となっている,低,注文履歴詳細,注文後,10/28注文;入荷待ち;11月05日頃;入荷次第一括発送;61-292-1-9;透明袋チャック付;17×24cm;100枚;数量20;確保済;先に送って,中,確保済の商品（4点）を先に送っていただく事は出来ますでしょうか？;在庫のある数も先に送っていただけますと助かります。,不明,OPP袋／透明袋（無地）,,,,
ダイレクトメール,不明,不明,9,カタログ・DMについて,1,カタログを止めてほしい,ダイレクトメールを停止したい,DM停止依頼,DM停止,なし,なし,中,お問い合わせフォーム,不明,ダイレクトメール;停止,低,ダイレクトメールを停止してください。,不明,不明,,,,
ベルトパーテーション スタッキングタイプ ブラック,店舗オーナー,ストエキ（公式サイト）,2,ご相談について,3,商品への名入れについて,ベルトパーテーションのベルトにロゴ印字できるか相談したい,ベルトにロゴ印字可否相談,名入れ,名入れ対応可否の情報が商品ページから分からない,ロゴ印字対応の記載が見当たらない,中,商品ページ,注文前,ベルトパーテーション;スタッキングタイプ;ブラック;ストエキオリジナル;ロゴ;印字;等間隔,低,ベルト部分に、等間隔でロゴを印字していただくことは可能でしょうか。,不明,ベルトパーテーション,,,,
つっぱりパーテーション,不明,不明,6,納期について,2,納期確認（ご注文前）-大量注文したいが表示通りの納期で対応できるか,つっぱりパーテーションを大量購入した場合の納期可否を確認したい,324枚の納期（1/30まで）確認,納期確認,大量数量時の納期目安が分からない,大量時の納期が判断できない,低,商品ページ,注文前,つっぱりパーテーション;注文番号61-355-1;324枚;2026年1月30日;納品,中,324枚注文した場合、2026年1月30日までに納品は可能でしょうか。,不明,突っ張りパーテーション,,,,
プレゼントボックス,不明,不明,5,クレーム,3,注文した商品と違うものが届いた,同梱内容不足・誤配送の確認と対応依頼,プレゼントボックス以外が未同梱,返品交換,なし,なし,低,不明,配送後,プレゼントボックス;しか入っておりません,中,プレゼントボックスしか入っておりません。,不明,プレゼントボックス（クリスマス）,,,,
不明,事務担当,不明,4,ご利用について,11,顧客登録情報の変更希望,引き落とし口座の代表者変更手続き方法を知りたい,口座代表者変更の手続き確認,支払,手続き導線・必要書類が不明,口座代表者変更の方法が分からない,中,ヘルプページ,不明,引き落とし口座;代表者変更;変更手続き,低,引き落とし口座の代表者変更がありました。 変更手続きはどのようにすればよろしいでしょうか,不明,不明,,,,
不明,不明,不明,4,ご利用について,2,会員登録できない,パスワード設定ができない問題を解決したい,パスワード設定不可の解消,パスワードの変更,入力要件やエラー原因が不明,パスワード設定時のエラー原因不明,中,新規会員登録,新規登録時,パスワード;設定できない,中,パスワードが設定できない,不明,不明,,,,
ドムカム（モバイル通信カメラ）,不明,不明,13,お客様ではない企業からの売込み,1,お客様ではない企業からの売込み,営業提案（モバイル通信カメラ）の案内,モバイル通信カメラの売込み,不明,なし,なし,高,お問い合わせフォーム,不明,中信商事;モバイル通信カメラ;ドムカム;AI画像解析;youtube配信;熱中症対策;https://cssj.doc1.jp/cxpr/?p=r&m=5c9d&t=cp2w3/6csa,低,突然のご連絡失礼いたしました。 少しでもご興味をお持ちいただければ、お話させていただきたく思います。,不明,不明,,,,
不明,不明,不明,3,注文について,4,注文のキャンセル,注文した商品をキャンセルしたい,注文商品のキャンセル希望,キャンセル,なし,なし,中,注文履歴詳細,注文後,キャンセルを希望,中,こちらの商品ですが、 キャンセルを希望します。,不明,不明,,,,
不明,事務担当,不明,7,インボイスについて,1,納品書の再発行依頼,納品書の再発行を依頼したい,納品書再発行の依頼,帳票発行,再発行手順が不明,納品書再発行の方法が分からない,中,注文履歴詳細,帳票発行時,納品書;再発行,中,納品書を再発行いただきたく、ご連絡いたしました。,不明,不明,,,,
木製キューブステージ 60cm〔ストエキオリジナル〕 ホワイト,不明,ストエキ（公式サイト）,6,納期について,1,納期確認（ご注文前）-サイト表示日より早くほしい,希望納品日に間に合う注文期限を知りたい,11/17納品の注文期限確認,納期確認,注文期限・締切情報が不明,希望納品に必要な締切が不明,中,商品ページ,注文前,61-779-3;木製キューブステージ;60cm;ホワイト;10個;11月17日;都内納品;注文期日,高,11月17日都内納品での発注の際の注文期日はいつになりますでしょうか？,不明,ディスプレイフロアステージ,,,,
不明,事務担当,不明,7,インボイスについて,1,納品書の再発行依頼,納品書を再発行してほしい,納品書の再発行希望,帳票発行,再発行手順が不明,納品書再発行の導線が不明,中,注文履歴詳細,帳票発行時,納品書;再発行,中,こちらの納品書を再発行していただきたいです。,不明,不明,,,,
SF壁面有孔パネルタイプ 3連結セット;双福鋼器 軽量ラック 120kg／段 5段 高さ180cm;双福鋼器 軽量ラック用 追加中間棚,不明,ストエキ（公式サイト）,6,納期について,3,納期確認（ご注文前）-いつ届くのか,購入予定商品の納期可否を確認したい,12月上旬納品可否の確認,納期確認,なし,なし,中,商品ページ,注文前,配送費用;商品合計金額の5.0%;茨城県牛久市;1F搬入;11月上旬注文;12月上旬納品;SF壁面有孔パネル;61-760-68;軽量ラック;61-362-4;追加中間棚;61-362-6,中,配送費用は『商品合計金額の 5.0%』と考えていて良いでしょうか？;11月上旬に注文した場合、12月上旬に納品いただきたいのですが、在庫があれば、特に問題のない納期でしょうか？,不明,有孔ボード,,,,
SF壁面有孔パネルタイプ 3連結セット;双福鋼器 軽量ラック 120kg／段 5段 高さ180cm;双福鋼器 軽量ラック用 追加中間棚,不明,ストエキ（公式サイト）,4,ご利用について,4,送料がいくらかかるのか,購入予定商品の送料計算方法を確認したい,送料が合計の5%か確認,送料確認,送料計算の説明が分かりにくい,送料率の根拠がサイト上で不明,中,ご利用ガイド（お届けについて）,注文前,配送費用;商品合計金額の5.0%;茨城県牛久市;1F搬入,低,配送費用は『商品合計金額の 5.0%』と考えていて良いでしょうか？,不明,有孔ボード,,,,
不明,事務担当,不明,3,注文について,2,入金確認,入金確認と出荷手配を依頼したい,振込完了の連絡と出荷依頼,入金確認,なし,なし,低,不明,支払時,振込完了;振込伝票;入金確認;出荷手配,中,本日振込完了しました。;入金ご確認の上、出荷手配をお願いします。,不明,不明,,,,
ハンドラベラー 1Y用ラベル 上下線 弱粘 新盛インダストリ 1YUDH (LA-148) 箱入,不明,不明,1,商品単品の仕様について,5,店舗運営商品について（備品、消耗品）,ラベルの入り数（巻数）を確認したい,1Y用ラベルの巻数確認,仕様確認,商品仕様（入数）の記載が分かりにくい,ラベルの巻数情報が見つからない,高,商品ページ,注文前,ハンドラベラー;1Y用ラベル;上下線;弱粘;新盛インダストリ;1YUDH;LA-148;61-489-64-1;何巻,低,↑こちらの商品は何巻入ってますか？,不明,ラベラー／回転印／バーコードプリンター,,,,
不明,不明,不明,6,納期について,3,納期確認（ご注文前）-いつ届くのか,入荷が早まる可能性（納期前倒し）を確認したい,1/23出荷表示の前倒し確認,納期確認,入荷予定の最新情報が分からない,出荷日の前倒し可否が不明,中,商品ページ,注文前,製品番号;61-427-36-2;グレー;数量1枚;1月23日頃の出荷;入荷が早まる予定,中,1月23日頃の出荷とありますが入荷が早まる予定はありますでしょうか。,不明,不明,,,,
不明,不明,不明,13,お客様ではない企業からの売込み,1,お客様ではない企業からの売込み,アンケート回答依頼（官公庁調査）,環境省アンケート再調査の依頼,不明,なし,なし,高,不明,不明,環境省;プラスチック資源循環;事業者アンケート調査;再調査;回答期限;令和7年9月1日;https://survey.deloitte.com/jfe/form/SV_3J0VrRYAbwsgGfs,中,つきましては、本件再調査への御協力をお願いいたします。,不明,不明,,,,
不明,不明,不明,3,注文について,5,お客様都合による返品や交換,誤購入の返品可否と追加パーツ購入可否を確認したい,片面誤購入の返品とバー購入相談,返品交換,返品条件・パーツ単品購入可否が不明,返品可否と片側バー購入方法が不明,中,ヘルプページ,注文後,両面タイプ;片面タイプ;誤って購入;返品交換;片側のバーのみ購入,中,誤って片面タイプを購入してしまいました。 返品交換は可能でしょうか?;片面タイプを両面タイプとして利用する為の片側のバーのみを購入することは可能ですか?,不明,丸バー（共通オプション）,,,,
テーブル,不明,不明,5,クレーム,2,お届け商品のパーツ不足,不足部品（ナット）の至急送付を依頼したい,テーブル天板のナット不足対応依頼,返品交換,なし,なし,低,不明,配送後,テーブル;天板;裏;ナット;2個;大至急;送ってください,高,テーブルの天板の裏のナットが２個ついていません、ナットのみ２個大至急送ってください。,不明,デスク／テーブル,,,,
不明,不明,不明,3,注文について,3,注文内容の変更,追加注文と配送先指定（別送/同梱の相談）をしたい,既存注文と同品を2台追加注文,注文内容の変更,追加注文・送料条件の判断が不明,別送時の送料発生有無が分からない,低,注文履歴詳細,注文後,オーダー番号;13714392;同じ商品;2台追加注文;発送先変更;別送;送料,中,すでに注文済み ｵｰﾀﾞｰ番号：13714392 と同じ商品を2台追加注文お願いします。;もし送料が発生するようでしたら、 2台目発送先 古城宛分へ2台まとめて発送お願いできると助かります。,不明,不明,,,,
不明,不明,不明,13,お客様ではない企業からの売込み,1,お客様ではない企業からの売込み,営業提案（採用サイト制作）の案内,採用サイト制作サービスの売込み,不明,なし,なし,高,お問い合わせフォーム,不明,ソフトコミュニケーションズ;採用サイト;HR-Tech;採用動画;採用SNS;LINE;https://timerex.net/i/t_fuji_0443_3417/93a10633,低,現役大学生の声を活用した採用サイトを作成します！,不明,不明,,,,
3段ディスプレイ1台,不明,不明,5,クレーム,1,お届け商品の破損,破損商品の交換を依頼したい,破損品の交換依頼（3段ディスプレイ）,返品交換,なし,なし,低,不明,配送後,破損;交換希望;注文番号;61-155-11-1;3段ディスプレイ,高,届いた時に破損していました。 交換を希望します。,不明,多段テーブル,,,,
スライド式ディスプレイ クリア 3段1個,不明,不明,5,クレーム,1,お届け商品の破損,破損商品の交換を依頼したい,破損品の交換依頼（スライド式ディスプレイ）,返品交換,なし,なし,低,不明,配送後,破損;交換希望;注文番号;61-169-19-2;スライド式ディスプレイ;クリア;3段,高,商品が届いた際にすでに破損していたので、交換希望です。,不明,その他卓上ディスプレイ,,,,
不明,不明,不明,4,ご利用について,11,顧客登録情報の変更希望,登録電話番号を注文時にも反映させたい,電話番号変更が発注に反映されない,会員情報変更,会員情報変更が注文情報へ反映されない/反映箇所が不明,電話番号変更の反映先が分からない,中,会員情報変更,注文時,電話番号;変更;登録;発注時;変わっていない,中,電話番号が変更になったので変えたいのですが、登録を変更しても発注時の電話番号変がわっていません。どうしたらいいでしょうか？,不明,不明,,,,
クリスマスツリー,個人,不明,5,クレーム,1,お届け商品の破損,クリスマスツリー不良について不満・品質確認したい,ツリー不良（枝向き/飾り紐なし）不満,返品交換,不良時の対応手順が不明,初期不良の連絡・対応方法が不明,中,ヘルプページ,配送後,クリスマスツリー;枝が逆;飾りの球体;ひもがついていない;2点;中国製;正月飾り,中,お安い商品でもないと思うのですが、中国製なので仕方がないのでしょうか？ 正月飾りを買うのを迷っています,不明,クリスマスツリー,,,,
不明,事務担当,不明,8,帳票について,2,請求書の発行希望（インボイス目的以外）,請求書の会社名を新会社名で出力したい,請求書宛名が旧社名のまま,帳票発行,会員情報変更が請求書へ反映されない/出力設定が不明,請求書宛名変更方法が分からない,中,注文履歴詳細,帳票発行時,請求書;宛名;旧会社;会員情報;新会社名;出力;変更できない,中,請求書の宛名が旧会社になっており、会員情報は新しい会社名に変更できたが、請求書の変更ができておりません。請求書を新会社名で出力する方法があれば教えていただきたいです。,不明,不明,,,,
不明,不明,不明,8,帳票について,1,領収書の発行希望（インボイス目的以外）,領収書がダウンロードできないため入手したい,領収書DLボタンが表示されない,帳票発行,領収書ダウンロードUIが見つからない/表示条件が不明,支払変更で領収書DLができない,中,注文履歴詳細,帳票発行時,支払い方法;掛け払い;銀行振込;領収書;ダウンロード;ボタンが表示されていない,中,領収書をダウンロードするボタンが表示されていない（見つけられません）。領収書をいただきたいです。,不明,不明,,,,
カタログ,不明,不明,9,カタログ・DMについて,2,カタログを送付してほしい,カタログの到着時期を知りたい,カタログ到着予定日の確認,カタログ請求,発送状況の確認手段が不明,カタログの配送状況が分からない,中,カタログ請求,不明,カタログ;いつ届きますか,低,カタログはいつ届きますか？,不明,不明,,,,
カタログ,不明,不明,9,カタログ・DMについて,1,カタログを止めてほしい,カタログ郵送を停止したい,郵送カタログ停止の依頼,カタログ請求,停止手続きが分からない,カタログ停止の方法が不明,中,ヘルプページ,不明,カタログ;郵送;止めて;郵便局員の態度が悪い;メールマガジン;WEBページ,低,カタログの郵送を止めて頂けないでしょうか？,不明,不明,,,,
不明,不明,不明,13,お客様ではない企業からの売込み,1,お客様ではない企業からの売込み,広告代理店のテレビCM出稿提案をしたい,年末年始特番CMの提案,不明,なし,なし,不明,不明,不明,テレビCM;年末年始特番;広告代理店;出稿;打ち合わせ予約;資料URL,低,ぜひ一度詳細のご説明の機会を頂戴できますでしょうか。,不明,不明,,,,
不明,不明,不明,6,納期について,5,納期確認（ご注文後）-いつ届くのか,注文済み商品の最短納期を確認したい,発注済み商品の最短納期確認,納期確認,注文情報（WEBオーダー番号）が本文に記載されていない,WEBオーダー番号不明で照会不可,中,注文履歴詳細,注文後,森の駅旭日丘;納期;最短;WEBオーダー番号,中,最短での納期はいつになりますでしょうか。,不明,不明,,,,
不明,不明,不明,6,納期について,5,納期確認（ご注文後）-いつ届くのか,注文済み商品の最短納期を確認したい,発注済み商品の最短納期確認,納期確認,注文情報（WEBオーダー番号）が本文に記載されていない,WEBオーダー番号不明で照会不可,中,注文履歴詳細,注文後,森の駅旭日丘;納期;最短;WEBオーダー番号,中,最短での納期はいつになりますでしょうか。,不明,不明,,,,
不明,個人,不明,4,ご利用について,9,クレジットカードエラー,カード決済を完了したい,カード支払い完了ができない,支払,カード情報は合っているのに決済完了できないエラー,正しいカードでも決済完了不可,中,ご注文の確認,支払時,カード;支払い;完了できません,中,カードはあっているのに支払いを完了できません,不明,不明,,,,
不明,不明,不明,6,納期について,4,納期確認（ご注文前）-在庫はいくつあるか,指定品番の在庫と組立可否を確認したい,品番3点の在庫と組立可否確認,在庫確認,なし,なし,中,商品ページ,注文前,61-821-23-5;61-821-23-6;61-821-24-1;在庫;14点ずつ;組立,中,上記３点14点ずつ欲しいのですが在庫それぞれありますでしょうか？;また組立お願い出来ますでしょうか？,不明,不明,,,,
不明,不明,不明,3,注文について,3,注文内容の変更,注文の追加が可能か確認したい,注文の追加可否を確認,注文内容変更,背景情報（注文番号など）が不足している,追加対象の注文情報が不明,中,注文履歴詳細,注文後,追加;可能,低,追加は可能でしょうか？,不明,不明,,,,
不明,不明,不明,8,帳票について,3,見積書の発行希望,見積後の値引き交渉可否を確認したい,見積に対する値引き交渉相談,見積,なし,なし,低,不明,注文前,見積;値引き;交渉,低,御見積をいただいたのですが、お値引きの交渉はできますでしょうか？,不明,不明,,,,
不明,事務担当,不明,4,ご利用について,2,会員登録できない,オープンアカウント会員申込用紙（自動引落）を送ってほしい,オープンアカウント申込用紙送付依頼,会員登録,オンライン申込ではなく用紙が必要,自動引落用の申込用紙が必要,低,お申し込みフォーム,新規登録時,オープンアカウント会員;入会;申込用紙;自動引き落とし,中,ご入会お申し込み用紙（「自動引き落とし用」）をお送り頂ければと思い,不明,不明,,,,
不明,不明,不明,3,注文について,6,配送先の変更,送付先住所を変更したい,配送先住所変更の依頼,配送先変更,注文番号等が本文に記載されていない,配送先変更の対象注文が不明,中,注文履歴詳細,注文後,送付先変更;〒362-0034;埼玉県;上尾市;愛宕,中,送付先を下記に変更することは可能でしょうか。,不明,不明,,,,
不明,事務担当,ストエキ（公式サイト）,7,インボイスについて,4,どれがインボイスなのか分からない,インボイスとなる納品書の到着状況を確認したい,インボイス納品書の未着確認,帳票発行,納品書（インボイス）の到着確認ができない,インボイス納品書が未確認,低,ヘルプページ,不明,納品書;インボイス;到着待ち;NP掛け払い;オープンアカウント,中,現時点まだ確認が出来ておりません;ご状況をご教示願えませんでしょうか,不明,不明,,,,
ファイバーツリー,不明,不明,1,商品単品の仕様について,4,季節装飾商品について,ファイバーツリーの基盤部品のみ購入できるか知りたい,ファイバーツリー基盤部品の購入可否,部品購入,購入から年数が経ち部品供給情報が見つからない,旧商品の補修部品入手可否不明,低,ヘルプページ,不明,ファイバーツリー;LED;破損;点灯しません;基盤部分;部品販売;ステージ104閉店,中,この基盤部分のみの販売はしていただけませんでしょうか。;LEDが破損しており 点灯しません。,不明,ファイバーツリー,,,,
不明,事務担当,不明,7,インボイスについて,1,納品書の再発行依頼,納品書を再発行してほしい,納品書の再発行依頼,帳票発行,なし,なし,中,ヘルプページ,帳票発行時,納品書;再発行,中,納品書の再発行をお願い致します。,不明,不明,,,,
不明,事務担当,不明,8,帳票について,2,請求書の発行希望（インボイス目的以外）,アカウント未登録購入で請求書/領収書発行方法を知りたい,未登録購入の帳票発行方法確認,帳票発行,アカウント登録なし購入のため発行手段が分からない,未登録購入で請求書等の発行が不明,中,ヘルプページ,帳票発行時,アカウント登録せず;請求書;領収書;発行;不明,中,請求書・領収書等を発行したいのですが、どのような手段をとっていいのか不明です。,不明,不明,,,,
不明,不明,ストエキ（公式サイト）,3,注文について,4,注文のキャンセル,注文が勝手に取消になった理由を確認したい,意図せず注文取消になった原因確認,注文内容確認,注文状況が自動で「注文取消」になり理由が不明,注文取消の理由が画面から分からない,低,注文履歴一覧,注文後,注文状況;注文取消;勝手に;操作していない,中,注文状況が勝手に「注文取消」となっておりますが、何か不都合がありましたでしょうか。,不明,不明,,,,
不明,不明,ストエキ（公式サイト）,4,ご利用について,1,ログインできない,登録情報が分からずログインできないので再利用したい,登録情報不明でログイン不可の解消,ログイン,他の電話番号/メールアドレスに心当たりがなくログインできない,登録情報特定できずログイン不可,低,ログイン/マイページ,不明,2年ぶり;ログインできません;電話番号;メールアドレス;再度利用,中,2年ぶりくらいに注文しようと思ったらログインできません。;再度利用したいのですが、ログインはできないでしょうか？,不明,不明,,,,
不明,不明,不明,3,注文について,6,配送先の変更,発送先住所を変更したい,注文の配送先住所を変更希望,配送先変更,なし,なし,低,注文履歴詳細,注文後,送り先変更;3430828;埼玉県越谷市;レイクタウン;イオンレイクタウンかぜ;リサマリ;0489408330,中,こちらの商品の送り先を変更して欲しいです,不明,不明,,,,
エクリュカラーの棚板,現場施工者,不明,1,商品単品の仕様について,8,その他商品について,棚下照明の配線固定に使えるテープを知りたい,棚板へのテープ接着可否を相談,商品仕様確認,なし,なし,中,商品ページ,不明,エクリュカラー;棚板;棚下照明;配線処理;コード;テープ;接着;脱脂,低,どのようなテープなら接着できるのでしょうか。,不明,棚下照明,,,,
不明,事務担当,不明,7,インボイスについて,1,納品書の再発行依頼,納品書を再発行してほしい,納品書の再発行依頼,帳票発行,なし,なし,中,注文履歴詳細,帳票発行時,納品書;再発行,中,納品書の再発行をお願い致します。,不明,不明,,,,
不明,不明,不明,3,注文について,4,注文のキャンセル,納期が間に合わないため注文をキャンセルしたい,納期都合でキャンセル希望,キャンセル,なし,なし,低,注文履歴詳細,注文後,納期が間に合わない;キャンセル,高,納期が間に合わないのでキャンセルで御願いできますでしょうか。,不明,不明,,,,
不明,不明,不明,6,納期について,10,到着時間指定の希望（ご注文後）,配達直前に電話連絡してほしい,到着30分前の連絡を依頼,配送指示,なし,なし,低,不明,配送前,到着30分前;ドライバー連絡;登録電話番号;080-3311-6019;別拠点;徒歩10分,中,配送当日の到着30分前くらいにドライバーさんより連絡を頂くようお願いします。,不明,不明,,,,
不明,事務担当,不明,7,インボイスについて,4,どれがインボイスなのか分からない,インボイス対応の領収書/請求書が発行可能か知りたい,インボイス対応帳票の可否確認,帳票発行,情報不足（インボイス対応可否が不明）,インボイス対応帳票の案内不足,中,ヘルプページ,帳票発行時,インボイス;領収書;請求書;発行可能,低,御社はインボイスに対応している領収書や請求書の発行は可能でしょうか？,不明,不明,,,,
不明,事務担当,不明,7,インボイスについて,1,納品書の再発行依頼,納品書の宛名を変更して発行してほしい,納品書の宛名変更依頼,帳票発行,なし,なし,低,不明,帳票発行時,納品書;宛名変更;八街保育園 父母の会;大杉絵莉果,中,納品書の宛名を大杉絵莉果ではなく「八街保育園 父母の会」で出して頂きたい,不明,不明,,,,
不明,事務担当,不明,6,納期について,5,納期確認（ご注文後）-いつ届くのか,着日を早められるか確認したい,11/19以前の着日可否確認,納期確認,なし,なし,低,注文履歴詳細,注文後,着日;11/19;11/20;早める,高,着日を早めることは可能でしょうか。,不明,不明,,,,
不明,不明,不明,6,納期について,5,納期確認（ご注文後）-いつ届くのか,到着日を知りたい（送り状番号あり）,送り状Noから到着日確認,配送状況確認,なし,なし,中,注文履歴詳細,配送中,送り状No;80109565;到着日,中,到着日をお知らせ下さい。,不明,不明,,,,
不明,事務担当,不明,3,注文について,3,注文内容の変更,支払方法を振込からNP掛け払いに変更したい,支払方法をNP掛け払いへ変更,支払,なし,なし,低,ご注文方法の設定,注文後,支払方法;振り込み;NP掛け払い;変更,中,前回と同じNP掛け払いでお願いしたい,不明,不明,,,,
アンティークゴールド ハンガーパイプ,事務担当,Amazon,1,商品単品の仕様について,8,その他商品について,品番が同等品か確認したい,Amazon品番と同等品か確認,商品仕様確認,情報不足（品番対応表がない）,Amazonと自社品番の紐付け不明,低,商品ページ,注文前,Amazon;アンティークゴールド ハンガーパイプ;61-97-2-1;61-809-85;同等品,低,上記商品品番は同等品となりますでしょうか。,不明,丸バー（共通オプション）,,,,
不明,事務担当,不明,4,ご利用について,11,顧客登録情報の変更希望,登録メールアドレスを変更したい,会員登録メールアドレス変更希望,メールアドレス変更,なし,なし,中,メールアドレス変更,不明,アドレス変更;ootugi@r66.7-dj.com,中,アドレスが使えなくなったため変更したいです。,不明,不明,,,,
不明,不明,不明,6,納期について,8,配送会社に関する希望（ご注文後）,ヤマト運輸の営業所止め配送が可能か知りたい,ヤマト営業所止め指定の可否,配送先変更,なし,なし,低,ご注文方法の設定,注文後,ヤマト運輸;営業所止め;発送先指定,中,ヤマト運輸の営業所止めに指定する事は可能でしょうか？,不明,不明,,,,
不明,店舗オーナー,不明,6,納期について,6,納期変更（ご注文後）-納期指定したが変更したい,12/1着で納品してほしい（不可なら代替納品先相談）,12/1着納品希望・不可なら連絡,納期変更,なし,なし,低,注文履歴詳細,注文後,新店舗建築中;12/1着;12/2までに設置;別の場所へ納品,高,店舗完成後の12/1（月）着にて納品を希望いたします。,不明,不明,,,,
屋外対応 バッテリー搭載L型LEDパネルスタンド A1,店舗オーナー,不明,1,商品単品の仕様について,6,看板・POP商品について,L型LEDパネルスタンドA1の仕様を確認したい,LEDパネルスタンドの仕様質問4点,商品仕様確認,情報不足（仕様詳細が不足）,色温度・防水等の仕様が不明,中,商品ページ,注文前,屋外対応;バッテリー搭載;L型LEDパネルスタンド;A1;61-816-58;電球色;ポスターサイズ;キャスター;ストッパー;防水,低,質問が4点ございます,不明,デジタルサイネージ,,,,
不明,不明,不明,6,納期について,6,納期変更（ご注文後）-納期指定したが変更したい,納品をできるだけ早めたい,着日指定済だが早期納品希望,納期変更,なし,なし,低,注文履歴詳細,注文後,着荷日指定;なるべく早く;納品希望,中,なるべく早く 納品希望します,不明,不明,,,,
クリスマスリース,個人,不明,1,商品単品の仕様について,4,季節装飾商品について,クリスマスリースの裏側仕様と吊り下げ可否を確認したい,クリスマスリースの裏面仕様確認,商品仕様確認,情報不足（裏面構造の説明不足）,裏側仕様や吊り下げ方法が不明,中,商品ページ,注文前,クリスマスリース;裏側;天井から吊るし;壁掛けではなく,低,こちらの裏側はどうなっていますでしょうか？,不明,リース・壁掛け（人工観葉植物）,,,,
不明,事務担当,不明,7,インボイスについて,1,納品書の再発行依頼,納品書を再発行してほしい,納品書の再発行依頼,帳票発行,なし,なし,中,注文履歴詳細,帳票発行時,納品書;再発行,中,納品書の再発行をお願いいたします。,不明,不明,,,,
不明,事務担当,不明,6,納期について,5,納期確認（ご注文後）-いつ届くのか,入金後の納品時期を知りたい,入金後の納品予定時期を確認,納期確認,なし,なし,低,注文履歴詳細,支払時,入金;本日入金;いつごろ納品,中,本日入金をしたのですが、いつごろ納品されるでしょうか？,不明,不明,,,,
不明,不明,不明,5,クレーム,1,お届け商品の破損,曲がったフック部分の不良対応をしてほしい,受取品のフック曲がり不良相談,不良対応,なし,なし,低,お問い合わせフォーム,配送後,フック;曲がってる;受け取り;組み立て;画像送付,中,フックの部分が曲がってて気になった,不明,不明,,,,
不明,不明,不明,6,納期について,5,納期確認（ご注文後）-いつ届くのか,発送番号メール未着のため到着可否を確認したい,発送番号メール未着・明日着確認,配送状況確認,通知不足（発送番号メールが未着）,発送番号メールが届かず不安,中,注文履歴詳細,配送前,本日発送;電話連絡;発送番号;メール届いてない;明日到着,高,発送番号のメールがまだ届いてません。。 明日到着しますよね？,不明,不明,,,,
不明,不明,不明,6,納期について,6,納期変更（ご注文後）-納期指定したが変更したい,11/15納品で手配してほしい,11/15納品での手配依頼,納期変更,なし,なし,低,注文履歴詳細,注文後,11月15日;納品;手配,高,11月15日（土）納品にてお手配いただけますと幸いです。,不明,不明,,,,
不明,事務担当,不明,8,帳票について,1,領収書の発行希望（インボイス目的以外）,領収書を発行してほしい,領収書発行の依頼,帳票発行,なし,なし,中,注文履歴詳細,帳票発行時,領収書,中,領収書を頂けますでしょうか,不明,不明,,,,
不明,不明,不明,4,ご利用について,12,注文履歴について,発送メール受領の連絡をしたい,発送メールが届いた旨の連絡,通知確認,なし,なし,高,不明,配送前,発送メール;届きました,低,今発送メール届きました。,不明,不明,,,,
不明,不明,不明,6,納期について,3,納期確認（ご注文前）-いつ届くのか,注文前に21日着が可能か確認したい,注文前に21日着可否の確認,納期確認,なし,なし,中,商品ページ,注文前,61-809-78-1;21日着希望;大阪市鶴見区;間に合えば発注,高,21日着希望なのですが。,不明,不明,,,,
不明,不明,不明,13,お客様ではない企業からの売込み,1,お客様ではない企業からの売込み,営業提案（DX人材支援）の案内,DX人材支援の商談提案,不明,なし,なし,高,お問い合わせフォーム,不明,DXを加速する人材戦略;DX専門家支援;定期顧問;スポットコンサル;実働型;協業;日程調整リンク,低,ぜひ、30分～60分程度お時間頂戴できますと幸いです。,不明,不明,,,,
不明,不明,不明,4,ご利用について,1,ログインできない,ログインできないため解決したい,ログイン不可と再設定失敗,ログイン;パスワード再設定,登録情報が違うと表示されパスワード再設定が進まない,登録情報違い表示で進めない,中,ログインできない場合,不明,ログイン;パスワード再設定;登録情報が違う,中,ログインしようとしたが入れず、パスワード再設定しようとしても、登録情報が違うの表示が出る,不明,不明,,,,
不明,不明,不明,6,納期について,10,到着時間指定の希望（ご注文後）,必着日（午前）指定を依頼したい,14日or17日午前必着希望,配送日時指定,なし,なし,中,ご注文の確認,注文後,14日;17日;午前必着;必着,高,14日か17日午前必着でお願いします。,不明,不明,,,,
バッグホルダー,個人,不明,3,注文について,4,注文のキャンセル,購入した商品のキャンセルをしたい,購入直後のキャンセル依頼,キャンセル,なし,なし,中,注文履歴詳細,注文後,本日17時に購入;バッグホルダー;キャンセル,中,本日17時に購入したバッグホルダーについて、 大変申し訳ないのですがキャンセルさせていただきたく存じます。,不明,荷物置き,,,,
不明,不明,不明,6,納期について,7,配送会社に関する希望（ご注文前）,利用する配送業者を確認したい,配送会社（配達業者）確認,配送会社確認,配送会社情報が分からない,配送業者の記載が見当たらない,中,ご利用ガイド（お届けについて）,注文前,発送;配達業者;配送会社,低,発送はどこの配達業者ですか？,不明,不明,,,,
不明,個人,ストエキ（公式サイト）,4,ご利用について,3,キャンペーンについて,注文後にクーポン適用できるか確認したい,確定後のクーポン適用相談,クーポン適用;注文キャンセル,注文確定後にクーポンコードを入力できない,確定後はクーポン適用不可,中,ご注文の確認,注文後,クーポンコード;入れそびれ;キャンセル;注文しなおす;sutoeki25101,中,さきほど注文確定したのですが クーポンコードを入れそびれてしまいました。 対応可能でしょうか？,不明,不明,,,,
不明,店舗オーナー,不明,6,納期について,10,到着時間指定の希望（ご注文後）,着日指定や伝票記載など配送要望を伝えたい,11/21着指定と伝票記載要望,配送日時指定;送り状記載,なし,なし,低,注文履歴詳細,注文後,11月21日着指定;納期お知らせください;納品書同梱しない;明細書同梱しない;商品のみ出荷;送り状;出荷人;（有）コンビニエンス商事;到着時に記載の荷受人電話番号に連絡ください,中,・金額が入った納品書、明細書など同梱しないようお願いします。（商品のみ出荷）;・送り状に「到着時に記載の荷受人電話番号に連絡ください」と明記希望です（できなければ大丈夫です）,不明,不明,,,,
不明,店舗オーナー,不明,6,納期について,10,到着時間指定の希望（ご注文後）,着日指定や伝票記載など配送要望を伝えたい,11/21着指定と伝票記載要望,配送日時指定;送り状記載,なし,なし,低,注文履歴詳細,注文後,11月21日着指定;納期お知らせください;納品書同梱しない;明細書同梱しない;商品のみ出荷;送り状;出荷人;（有）コンビニエンス商事;到着時に記載の荷受人電話番号に連絡ください,中,・11月21日着指定にてお願いいたします。(納期お知らせください）;・送り状の出荷人を弊社（有）コンビニエンス商事にできますか？,不明,不明,,,,
不明,店舗オーナー,不明,6,納期について,10,到着時間指定の希望（ご注文後）,着日指定や伝票記載など配送要望を伝えたい,11/21着指定と伝票記載要望,配送日時指定;送り状記載,なし,なし,低,注文履歴詳細,注文後,11月21日着指定;納期お知らせください;納品書同梱しない;明細書同梱しない;商品のみ出荷;送り状;出荷人;（有）コンビニエンス商事;到着時に記載の荷受人電話番号に連絡ください,中,・11月21日着指定にてお願いいたします。(納期お知らせください）,不明,不明,,,,
不明,店舗オーナー,不明,6,納期について,10,到着時間指定の希望（ご注文後）,着日指定や伝票記載など配送要望を伝えたい,11/21着指定と伝票記載要望,配送日時指定;送り状記載,なし,なし,低,注文履歴詳細,注文後,11月21日着指定;納期お知らせください;納品書同梱しない;明細書同梱しない;商品のみ出荷;送り状;出荷人;（有）コンビニエンス商事;到着時に記載の荷受人電話番号に連絡ください,中,・金額が入った納品書、明細書など同梱しないようお願いします。（商品のみ出荷）,不明,不明,,,,
不明,店舗オーナー,ストエキ（公式サイト）,6,納期について,1,納期確認（ご注文前）-サイト表示日より早くほしい,表示より早い納期で手配できるか相談したい,最短が遅く11/18までに必要,納期確認,Web注文画面で最短の配達指定日が12/3以降しか選べない,最短指定日が12/3以降しか選べない,低,ご注文の確認,注文時,納期配達指定日;最短;12月3日;大至急;11月18日までに必要;緊急を要します;054-635-1500;島屋寝具;島田店長,高,大至急必要です。大変困ります。11月18日（火曜日）までに必要です。 何とかして下さい。緊急を要しますので、ご連絡ください。,不明,不明,,,,
不明,不明,不明,6,納期について,3,納期確認（ご注文前）-いつ届くのか,納期を早めてほしい,急ぎのため早めの配送希望,納期確認,なし,なし,中,不明,不明,大変急いでおります;早く届く,高,大変急いでおります。早く届くようによろしくお願い致します。,不明,不明,,,,
不明,事務担当,ストエキ（公式サイト）,6,納期について,5,納期確認（ご注文後）-いつ届くのか,出荷予定と分割出荷可否を確認したい,在庫確認中の品の出荷時期確認,納期確認;分納,注文内の一部が在庫確認中のままで出荷待ちになっている,在庫確認中で出荷待ちが解消しない,低,注文履歴詳細,注文後,オーダー番号;納期12日表記;装飾開始14日;在庫の確認中;出荷待ち;いつ頃出荷;先に出荷;明日着;メールで返答,高,現時点で一品のみ在庫の確認中表記のままそれに伴い出荷待ちとなっているようですが、いつ頃出荷となりますでしょうか。,不明,不明,,,,
不明,事務担当,不明,8,帳票について,1,領収書の発行希望（インボイス目的以外）,領収書の発行方法を知りたい,領収書発行手順の問い合わせ,領収書発行,領収書の発行方法が分からない,領収書の出し方が不明,高,ヘルプページ,帳票発行時,領収書;発行;どうすれば,低,領収書を発行したいのですが、どうすればよろしいでしょうか。,不明,不明,,,,
不明,不明,不明,6,納期について,3,納期確認（ご注文前）-いつ届くのか,希望日より早い納品が可能か確認したい,19日より早い納品可否確認,納期確認,なし,なし,中,不明,注文前,19日;早く,中,「１９日よりもはやく、いただけると助かります。」,不明,不明,,,,
ネット用２段フック専用カードホルダー大,不明,不明,1,商品単品の仕様について,2,陳列ディスプレイ商品について（ハンガー、マネキン、卓上ディスプレイ）,カードホルダーに合うプライスカードサイズを知りたい,カードホルダー対応プライスカード確認,商品仕様確認,情報不足（対応サイズが不明）,対応プライスカード寸法が分からない,中,商品ページ,注文前,ネット用２段フック;専用カードホルダー大;プライスカード;サイズ,高,「急ぎ、ご返信いただければ助かります。」,不明,カードケース,,,,
不明,不明,不明,6,納期について,6,納期変更（ご注文後）-納期指定したが変更したい,着日指定を24日から25日に変更したい,祝日で不在のため着日変更依頼,配送日時変更,なし,なし,低,不明,注文後,納期変更;24日;祝日;25日火曜日,中,「25日火曜日に変更していただけると幸いです。」,不明,不明,,,,
不明,不明,不明,6,納期について,10,到着時間指定の希望（ご注文後）,着荷日と午前指定で配送してほしい,19日/20日AM着指定の依頼,配送日時指定,なし,なし,低,ご注文の確認,注文後,着荷指定日;11月19日;11月20日;AM指定,中,「可能であれば11月19日(水)もしくは20日(木)AM指定にてお願いできますでしょうか。」,不明,不明,,,,
不明,不明,不明,3,注文について,3,注文内容の変更,注文数量を2から3へ変更したい,誤って2個→3個へ数量変更,注文内容変更,なし,なし,低,注文履歴詳細,注文後,2つ;3つ;変更,中,「2つで注文してしまったのですが、3つに変更していただくことはできませんでしょうか？」,不明,不明,,,,
ユニバーサルフィッティングルーム〔ストエキオリジナル〕/フィッティングルーム照明なし,不明,不明,4,ご利用について,4,送料がいくらかかるのか,特定商品の送料と梱包情報を知りたい,送料と梱包サイズ・重量の確認,送料確認,情報不足（梱包サイズ・重量が不明）,梱包サイズ/重量情報が見つからない,中,商品ページ,注文前,ユニバーサルフィッティングルーム;61-779-50-1;送料;神奈川県;千葉県;梱包サイズ;重量,低,「こちらの商品の送料はおいくらでしょうか？」;「梱包サイズ、各梱包の重量など教えていただけますでしょうか？」,不明,据え置き型フィッティングルーム,,,,
不明,不明,不明,3,注文について,4,注文のキャンセル,追加発注のため一度キャンセルしたい,追加発注目的のキャンセル可否,キャンセル,なし,なし,低,注文履歴詳細,注文後,追加発注;キャンセル,中,「追加発注をしたいので一度キャンセルは可能でしょうか？」,不明,不明,,,,
不明,不明,不明,5,クレーム,1,お届け商品の破損,凹みがある不良/破損品を報告したい,商品内側の凹み破損の申告,返品交換,なし,なし,低,不明,配送後,内側;凹み,中,「商品の内側が凹んでいた。」,不明,不明,,,,
不明,不明,不明,6,納期について,5,納期確認（ご注文後）-いつ届くのか,当日出荷品を月曜納品にしてほしい,当日出荷→月曜納品の依頼,納期調整,なし,なし,低,注文履歴詳細,注文後,当日出荷;月曜納品,中,「商品がありましたら月曜納品でお願いしたいです」,不明,不明,,,,
不明,不明,不明,4,ご利用について,14,退会したい,廃業のため退会手続きを知りたい,廃業に伴う退会手続き確認,退会,手順が分からない,退会方法の導線が不明,中,ログイン/マイページ,不明,廃業;退会;会員登録,低,「廃業のため登録の退会を希望しますが、どのようにすればよろしいでしょうか？」,不明,不明,,,,
不明,不明,不明,13,お客様ではない企業からの売込み,1,お客様ではない企業からの売込み,物流倉庫サービスの営業提案をしたい,EC物流倉庫サービスの売込み,不明,なし,なし,不明,不明,不明,EC物流;物流倉庫;楽天最強配送;料金例;logi@everglowtrading.com,低,「ECに特化した物流倉庫を運営。」;「物流コストや体制の見直しをお考えの際は、ぜひご相談ください。」,不明,不明,,,,
不明,不明,不明,6,納期について,6,納期変更（ご注文後）-納期指定したが変更したい,配達予定日を12/10から12/5へ変更したい,配達予定日を12/5へ前倒し変更,配送日時変更,なし,なし,低,注文履歴詳細,注文後,配達予定日;12月10日;12月5日;変更,中,「もし可能なら12月5日に変更お願いしたいです」,不明,不明,,,,
不明,事務担当,不明,3,注文について,2,入金確認,銀行振込完了を連絡し入金確認してほしい,UFJ銀行振込完了の連絡,入金確認,なし,なし,低,不明,支払時,UFJ銀行;振込完了;確認は17日,低,「UFJ銀行振込完了しました」,不明,不明,,,,
不明,不明,不明,6,納期について,6,納期変更（ご注文後）-納期指定したが変更したい,到着日を18日に変更できるか確認したい,18日着への変更可否確認,配送日時変更,なし,なし,低,注文履歴詳細,注文後,18日着;変更,中,「18日着に変更は可能でしょうか？」,不明,不明,,,,
不明,不明,ストエキ（公式サイト）,4,ご利用について,1,ログインできない,ログインできない原因を解決したい,ログイン不可と登録区分が不明,ログイン,アカウント区分（個人/会社）が分からない,個人/会社の登録種別が判断できない,中,ログイン/マイページ,不明,ログインできない;会員登録;個人;会社,中,「ログインできない 会員登録を個人か会社かわからない」,不明,不明,,,,
アクリルボックス,事務担当,不明,8,帳票について,3,見積書の発行希望,注文前に見積書を発行してほしい,アクリルボックス見積書の依頼,見積書発行,なし,なし,低,お問い合わせフォーム,注文前,アクリルボックス;見積書;注文前;W35㎝;D15㎝;H15cm;1台;会員登録,中,「注文前に見積書をいただくことは可能でしょうか？」,不明,ディスプレイケース(アクリル),,,,
スノーマンのライト,個人,ストエキ（公式サイト）,5,クレーム,1,お届け商品の破損,初期不良のため交換または対処法を知りたい,スノーマンライト不点灯の交換依頼,返品交換,対処方法が分からない,点灯しない場合の対処手順が不明,中,商品ページ,配送後,58-90-1-2;スノーマン;ライト;点滅;点灯しない;初期不良;交換,中,「点滅をして、点灯がされませんでした。」;「交換をお願いしたいです。」,不明,モチーフライト（イルミネーション）,,,,
Zハンガーラック強化タイプ エンドパイプ,不明,不明,1,商品単品の仕様について,1,大型什器商品について,エンドパイプの販売単位と取付可否を確認したい,Zハンガーラック部材の販売単位確認,商品仕様確認,仕様情報不足（販売単位・取付本数）,部材の販売単位と対応本数が不明,中,商品ページ,注文前,Zハンガーラック強化タイプ;エンドパイプ;2本1組;バラ売り;4本取り付け,低,「2本1組の販売ですか？それともバラ売りですか？」,不明,強化型・重量用シングルハンガーラック,,,,
不明,不明,不明,6,納期について,6,納期変更（ご注文後）-納期指定したが変更したい,配達日指定を最速到着に変更したい,12/3指定→最速到着へ変更依頼,配送日時変更,なし,なし,低,注文履歴詳細,注文後,配達日希望;12月3日;最速;一番早く到着,高,「最速で一番早く到着するように変更したいです。」,不明,不明,,,,
スピード三角クジ 4等 2シート,不明,不明,3,注文について,1,注文内容の確認,追加注文を同梱配送してほしい,追加オーダー品の同送依頼,同梱依頼,なし,なし,低,不明,注文後,追加オーダー;61-249-1-5;スピード三角クジ;4等;2シート;同送,中,「同送お願い致します。」,不明,抽選用品,,,,
不明,不明,不明,5,クレーム,1,お届け商品の破損,商品品質不良の報告と確認を依頼したい,袋商品のシワ・縫製不良の品質申告,不良対応,なし,なし,低,不明,配送後,61-812-49;61-813-81-7;13608738;ベトナム製;クラフトマン;KE-PB-3231;持ち手;シワ;検品印;写真添付,低,「持ち手の付け根が雑なのと、一番の問題は袋の表面中央がしわくちゃになってます。」;「今後のこともありますのでご確認ください。」,不明,袋,,,,
不明,不明,不明,6,納期について,6,納期変更（ご注文後）-納期指定したが変更したい,到着日を変更したい,到着日変更の依頼,配送日時変更,なし,なし,低,注文履歴詳細,注文後,到着日;変更,中,「到着日を変更したいです。」,不明,不明,,,,
ネット 黒 スチール製〔ストエキオリジナル〕/180×75cm,不明,不明,3,注文について,1,注文内容の確認,追加商品を同梱配送できるか確認したい,ネット什器追加の同梱可否確認,同梱依頼,なし,なし,低,カート,注文後,追加;一緒に配送;ネット;黒;スチール製;180×75cm;数量1,中,「追加で以下も一緒に配送可能でしょうか。」,不明,ディスプレイネット,,,,
不明,不明,不明,3,注文について,4,注文のキャンセル,至急で注文をキャンセルしたい,誤注文の至急キャンセル依頼,キャンセル,なし,なし,低,注文履歴詳細,注文後,大至急;キャンセル;間違えました,高,「大至急キャンセルお願いいたします」,不明,不明,,,,
不明,不明,不明,6,納期について,6,納期変更（ご注文後）-納期指定したが変更したい,定休日のため到着日を11/20に変更したい,11/19定休のため11/20着へ変更,配送日時変更,なし,なし,低,注文履歴詳細,注文後,11/19;定休日;11/20;到着,中,「11/20(木)の到着でお願いします。」,不明,不明,,,,
不明,不明,ストエキ（公式サイト）,6,納期について,6,納期変更（ご注文後）-納期指定したが変更したい,指定した発送/到着を早めたい,最短表示より早い発送へ変更希望,納期調整,表示情報が分かりにくい（カートで最短が変わる）,同商品でも最短到着表示が変動する,低,カート,注文後,最短到着;11/22指定;カート;もっと早い;発送時期を早める,中,「発送時期を早めていただくことは可能でしょうか？」,不明,不明,,,,
不明,不明,不明,3,注文について,4,注文のキャンセル,商品追加のため一度キャンセルしたい,商品追加のためキャンセル可否,キャンセル,なし,なし,低,注文履歴詳細,注文後,商品追加;キャンセル,中,「商品追加したいため、一度キャンセル可能でしょうか？」,不明,不明,,,,
不明,不明,不明,6,納期について,3,納期確認（ご注文前）-いつ届くのか,18日より前の到着が可能か確認したい,18日より早い到着の可否確認,納期確認,なし,なし,中,不明,注文前,急ぎ;18日より早く;到着,高,「急ぎです。18日より早く到着お願いしたいです」,不明,不明,,,,
不明,不明,不明,3,注文について,5,お客様都合による返品や交換,サイズが想定より小さいため不満/返品相談したい,サイズが小さすぎた不満・返品相談,返品,サイズ感の判断が難しい,実物サイズのイメージが掴めない,中,商品ページ,配送後,サイズ;小さすぎ,低,「サイズが思ったより小さすぎ」,不明,不明,,,,
SF中央両面スリムタイプ 幅90×高さ180cm ブラック;直径5cm双輪キャスターセット 耐荷重50kgタイプ,不明,不明,1,商品単品の仕様について,1,大型什器商品について,什器にキャスターを取り付けて使用できるか確認したい,SF什器とキャスターの組合せ可否確認,互換性確認,適合情報が不明,キャスター適合・取付可否の情報不足,中,商品ページ,注文前,SF中央両面スリムタイプ;61-751-27-8;双輪キャスター;61-24-24-1;直径5cm;耐荷重50kg;組み合わせ,低,「組み合わせて使用したいのですが可能でしょうか？」,不明,本体（SF）,,,,
不明,個人,ストエキ（公式サイト）,4,ご利用について,1,ログインできない,登録情報不一致でログインできない問題を解決したい,メール/電話不一致でログイン不能,ログイン,登録情報が分からず照合できない,パスワード再設定に必要な情報が一致しない,低,ログインできない場合,不明,ログイン;メールアドレス;パスワード忘れ;パスワード変更;電話番号;一致しない,中,「電話番号。メールアドレスも全て一致しない状況となっております。」,不明,不明,,,,
不明,不明,不明,3,注文について,1,注文内容の確認,在庫確保済みだけ先に発送し、遅い商品はキャンセル/別送にしたい,確保品先送りと遅延品の分割/取消希望,分納依頼,分納・別送の手続きが分からない,先送り/別送/キャンセルの方法が不明,低,注文履歴詳細,注文後,確保済み;先に送る;日にちのかかる商品;キャンセル;別送;新店オープン;急ぎ,高,「確保済みの商品を先に送っていただきたい」;「新店のオープンに間に合いません」,不明,不明,,,,
LEDバーチクリスマスツリー150㎝,不明,不明,1,商品単品の仕様について,4,季節装飾商品について,クリスマスツリー商品の仕様・送料等を確認したい,LEDバーチツリーの仕様/送料/梱包確認,商品仕様確認,情報不足（梱包・LED詳細・交換可否など）,送料/梱包/LED仕様/交換条件の記載不足,中,商品ページ,注文前,LEDバーチクリスマスツリー150㎝;送料;神奈川県;梱包;枝;点滅モード;LED個数;交換;工具,低,「梱包の箱の大きさはどのくらいでしょうか？」;「LEDが切れた場合、交換可能ですか？」,不明,ブランチツリー,,,,
LEDモチーフライト【サンタの森】ギター,不明,不明,5,クレーム,2,お届け商品のパーツ不足,電源コード不足の対応方法を知りたい,モチーフライトの電源コード不足,不足品対応,なし,なし,低,不明,配送後,58-87-9-1;LEDモチーフライト;サンタの森;ギター;電源コード;見あたりません,中,「電源コードが設置しようとしたのですが見あたりません。」,不明,モチーフライト（イルミネーション）,,,,
LED6れんモチーフカーテンライト61球ブルーホワイト,個人,不明,5,クレーム,1,お届け商品の破損,不良品の交換を依頼したい,カーテンライト星型カバー外れ不良,返品交換,なし,なし,低,不明,配送後,LED6れんモチーフカーテンライト;61球;ブルーホワイト;不良品;星型;外れている;むき出し;検品;交換;なるべく速く,高,「不良品です。」;「良い商品と交換して下さい。なるべく速くお願いします。」,不明,カーテンライト（イルミネーション）,,,,
不明,不明,不明,4,ご利用について,14,退会したい,閉店のため会員登録削除手続きを知りたい,閉店に伴う会員削除手続き確認,退会,手続き方法が分からない,退会手順の案内が見つからない,中,ログイン/マイページ,不明,閉店;会員登録;削除;手続き,低,「閉店したので、会員登録を削除したいのですが、どのような手続きをすればよろしいでしょうか？」,不明,不明,,,,
不明,不明,不明,4,ご利用について,1,ログインできない,再ログインできない問題を解決したい,再ログインできない不具合相談,ログイン,不明,不明,中,ログイン/マイページ,不明,再ログイン;できない,中,「再ログインができないのですが？」,不明,不明,,,,
不明,不明,不明,6,納期について,5,納期確認（ご注文後）-いつ届くのか,当日出荷されない理由確認と当日出荷を依頼したい,当日出荷のはずが未出荷で至急要請,出荷状況確認,出荷可否・条件の説明不足,当日出荷条件が分からず納得できない,低,商品ページ,配送前,当日出荷可能;今日出荷されない;急ぐ;掛け払い;代引き,高,「当日出荷可能だから注文したのに なぜ、今日出荷されないのですか？」;「本日出荷 願います。」,不明,不明,,,,
ガーランド,不明,不明,5,クレーム,2,お届け商品のパーツ不足,不足しているガーランドを至急送ってほしい,ガーランド納品数不足の至急対応依頼,不足品対応,なし,なし,低,不明,配送後,ガーランド;4つ注文;3つ納品;納品書は4;至急,高,「4つ注文した、ガーランドが3つしか納品されていません。」;「至急送っていただきたく」,不明,ガーランド（人工観葉植物）,,,,
屋外対応型LEDパネルスタンド;専用キャスター,不明,不明,5,クレーム,3,注文した商品と違うものが届いた,キャスターが付かないため返品と正しい部品送付を希望,パネルスタンド用キャスター不適合で返品希望,返品交換,取付説明書がない,取付説明書が同梱されておらず付け方不明,低,不明,配送後,屋外対応型LEDパネルスタンド;専用キャスター;付かない;ねじ穴;高さ;大きさ;説明書なし;返品希望,中,「専用キャスターがパネルに付きません」;「返品希望とちゃんとつくキャスターを送ってほしいです」,不明,パネルスタンド,,,,
不明,不明,不明,3,注文について,5,お客様都合による返品や交換,返品申込みを取り消して使用することにしたい,返品申込みの取消連絡,返品手続き取消,なし,なし,中,不明,配送後,返品;申し込み;そのまま使用;返品しない,低,「返品いたしませんのでよろしくお願いいたします。」,不明,不明,,,,
不明,不明,不明,3,注文について,4,注文のキャンセル,注文をキャンセルしたい,注文キャンセル依頼,キャンセル,なし,なし,中,注文履歴詳細,注文後,キャンセル,中,「キャンセルお願い致します。」,不明,不明,,,,
キラキラの長い飾り,不明,不明,5,クレーム,1,お届け商品の破損,短すぎる装飾品の交換を依頼したい,キラキラ装飾の長さ不良で交換依頼,返品交換,なし,なし,低,不明,配送後,キラキラ;長い飾り;短すぎ;送ってください,中,「一つだけ短すぎなものが入っていました。」;「新しい物を送ってください」,不明,オーナメント,,,,
ディスプレーフック5センチ（ABS製）,不明,楽天,13,お客様ではない企業からの売込み,1,お客様ではない企業からの売込み,未使用在庫品の引取り先を探したい（売込み）,ディスプレーフック在庫の引取先募集,不明,なし,なし,不明,不明,不明,楽天;ディスプレーフック;5センチ;ABS製;未使用;8000個;着払い送料のみ,低,「ディスプレーフック5センチ（ABS製）が入庫状態のまま未使用で8000個ございまして」,不明,有孔ボードフック,,,,
不明,事務担当,不明,4,ご利用について,6,支払方法の種類について,店舗受取時に現金払いができるか確認したい,店舗受取で現金支払い可否確認,支払,支払方法の選択肢が不足/不明,ネット注文で現金支払いの可否が分からない,中,ご注文方法の設定,支払時,自治会;現金支払い;領収書;ネット注文;店舗受取,中,「店舗受取時に現金支払いは出来ないでしょうか？」,不明,不明,,,,
不明,不明,不明,3,注文について,4,注文のキャンセル,追加注文のため取り消し（キャンセル）したい,追加注文のため注文取り消し依頼,キャンセル,なし,なし,中,注文履歴詳細,注文後,追加注文;取り消し,中,「追加注文があるので一度 取り消しをお願いします。」,不明,不明,,,,
キラキラの装飾品,不明,不明,5,クレーム,2,お届け商品のパーツ不足,不足品のうちガーランドは解決し装飾品のみ対応してほしい,不足連絡の修正（装飾品のみ依頼）,不足品対応,なし,なし,低,不明,配送後,佐川急便;配達し忘れ;ガーランド揃った;キラキラ;装飾品,中,「ガーランドは全て揃いました！ キラキラの装飾品のみお願いします。」,不明,オーナメント,,,,
不明,事務担当,不明,7,インボイスについて,1,納品書の再発行依頼,納品書を商品同送ではなく別送してほしい,納品書の別送依頼（宛先指定）,帳票発行,なし,なし,低,不明,帳票発行時,納品書;別で送って;長野県松本市;松本日産自動車;御小柴,中,「納品書、商品同送ではなく別で送っていただけますか？」,不明,不明,,,,
不明,事務担当,不明,7,インボイスについて,1,納品書の再発行依頼,納品書を商品同送ではなく別送してほしい,納品書の別送依頼（宛先指定）,帳票発行,なし,なし,低,不明,帳票発行時,納品書;別で送って;長野県松本市;松本日産自動車;御小柴,中,「納品書、商品と同送ではなく別で送ってください。」,不明,不明,,,,
不明,事務担当,不明,7,インボイスについて,1,納品書の再発行依頼,納品書を商品同送ではなく別送してほしい,納品書の別送依頼（宛先指定）,帳票発行,なし,なし,low,不明,帳票発行時,納品書;別で送って;長野県松本市;松本日産自動車;御小柴,中,「納品書、商品と同送ではなく別で送ってください。」,不明,不明,,,,
不明,事務担当,不明,7,インボイスについて,2,領収書でのインボイス希望,インボイス対応の領収書を再発行してほしい,インボイス領収書再発行依頼,領収書発行,なし,なし,中,不明,帳票発行時,インボイス対応;領収書;再発行;メールアドレス,中,インボイス対応の領収書を再発行いただきたく,不明,不明,,,,
不明,不明,不明,4,ご利用について,1,ログインできない,登録済みだがログインできないため復旧したい,登録済みアカウントでログイン不可,ログイン,ログインに必要な情報が不明・不一致,登録情報不一致でログイン不可,中,ログイン/マイページ,不明,ログイン;電話番号;メールアドレス;木村則夫,中,上手くログインが出来ません,不明,不明,,,,
ラテラルショーケース ブラック,不明,不明,3,注文について,4,注文のキャンセル,送料表示と異なるため注文をキャンセルしたい,送料無料表記と違いキャンセル希望,キャンセル,送料無料表記と請求内容が不一致,送料無料表示なのに送料請求,低,商品ページ,注文後,"ラテラルショーケース;ブラック;61-830-46-2;送料無料;配送手数料;5,689円;キャンセル",中,"送料無料と明記されていたのですが発注したところ配送手数料 5,689円とのメールがありました。申し訳ございませんがこちら一度キャンセルお願いできないでしょうか。",不明,ショーケーススタンドタイプ,,,,
不明,不明,不明,3,注文について,5,お客様都合による返品や交換,サイズ違いで返品し、改めて購入したい,サイズ違いの返品手続き確認,返品,返品手続き方法が分からない,返品の手順が不明,中,ご利用ガイド（キャンセル・返品・交換について）,配送後,本日届きました;サイズ違い;返品;手続き;新しいものを注文,中,サイズ違いを注文してしまい、返品し新しいものを注文したいのですがどのように手続きすればよろしいでしょうか。,不明,不明,,,,
不明,個人,不明,3,注文について,4,注文のキャンセル,注文をキャンセルしたい,注文キャンセル依頼,キャンセル,なし,なし,中,注文履歴詳細,注文後,キャンセル;雄島昌代;オジマ;080-6767-1780;icloud.com,中,注文のキャンセルをお願いいたします,不明,不明,,,,
不明,不明,不明,6,納期について,10,到着時間指定の希望（ご注文後）,到着日を11/24または11/25にしてほしい,希望着日を11/24または11/25,納期変更,注文後の着日変更可否が不明,着日変更の可否が不明,低,注文履歴詳細,配送前,11月24日着;11月25日着;可能でしたら;着でお願いいたします,高,可能でしたら、11月24日(月)着でお願いいたします。 難しいようでしたら11月25日(火)着でもかまいません。,不明,不明,,,,
不明,不明,不明,6,納期について,6,納期変更（ご注文後）-納期指定したが変更したい,日付指定（11/28）をやめて最短発送に変更したい,日付指定から最短発送へ変更,納期変更,最短発送への変更方法が不明,最短発送への変更が不明,低,注文履歴詳細,配送前,11/28;日付指定;最短発送,高,可能であれば最短発送をお願いしたく存じます。,不明,不明,,,,
木製ベース スリムクリスマスツリーセット ゴールド（サイズ180cm）,不明,不明,1,商品単品の仕様について,4,季節装飾商品について,クリスマスツリーセットの支柱パイプ直径を知りたい,ツリー支柱パイプ径の確認,商品仕様確認,商品仕様（支柱径）の記載が見つからない,支柱径が商品情報で不明,中,商品ページ,注文前,木製ベース;スリムクリスマスツリーセット;ゴールド;58-15-1;180cm;支柱パイプ;直径,低,支柱パイプの直径を教えてください。,不明,クリスマスツリー,,,,
不明,事務担当,不明,8,帳票について,1,領収書の発行希望（インボイス目的以外）,領収書を発行し登録会社へ送付してほしい,領収書の発行と送付依頼,領収書発行,送付先（登録会社）への手配方法が不明,領収書送付先の指定が不明,中,ログイン/マイページ,帳票発行時,領収書;発行;送付;登録会社,中,領収書の発行・送付を登録会社の方へご手配お願いします。,不明,不明,,,,
不明,不明,不明,6,納期について,6,納期変更（ご注文後）-納期指定したが変更したい,着指定日を11/26に変更したい,着指定を11/26へ変更依頼,納期変更,着日変更の手続きが不明,着日変更方法が不明,低,注文履歴詳細,配送前,着指定;11月26日;変更,中,着指定を11月26日(水)に変更をお願いいたします。,不明,不明,,,,
スノーフレーク ゴールド,不明,不明,3,注文について,3,注文内容の変更,注文数量を25個から15個へ変更したい,注文数の減数変更（25→15）,注文内容変更,注文後の数量変更方法が不明,数量変更の手順が不明,低,注文履歴詳細,注文後,58-39-4-2;スノーフレーク;ゴールド;注文数;25個;15個;数量変更,中,注文商品の数量を変更させていただくことは可能でしょうか。 58-39-4-2 (2). スノーフレーク ゴールド(3個) 注文数25個→15個 に変更希望,不明,オーナメント,,,,
マグネットボード,不明,不明,3,注文について,3,注文内容の変更,マグネットボードを追加して合計6枚に変更したい,マグネットボード追加発注相談,注文内容変更,追加注文の方法と送料の扱いが不明,追加注文と送料計算が不明,中,不明,注文後,マグネットボード;追加3枚;合計6枚;送料;080-4928-9693;奥野,中,同マグネットボード追加3枚 合計6枚に変更したいです。 どのように注文したら宜しいでしょうか？ 送料も変わってくるとおもいますので…,不明,有孔ボード,,,,
雪の結晶のオーナメント,個人,不明,5,クレーム,1,お届け商品の破損,不良のオーナメントを交換してほしい,雪の結晶オーナメント不良で交換希望,交換,交換条件・手続きが分からない,不良品交換の手順が不明,中,ご利用ガイド（キャンセル・返品・交換について）,配送後,クリスマス;オーナメント;雪の結晶;穴が塞がっている;ラメ;交換,中,雪の結晶のオーナメントのひとつが、本来貫通して穴があるべきところまでラメでふさがれてしまっています。;交換していただけますでしょうか。,不明,オーナメント,,,,
エプロンハンガー,不明,不明,5,クレーム,1,お届け商品の破損,破損したエプロンハンガーを交換してほしい,エプロンハンガー破損で交換依頼,交換,交換手続きが不明,破損品交換の手順が不明,中,ご利用ガイド（キャンセル・返品・交換について）,配送後,エプロンハンガー;2セット;6本;1本破損;交換,中,２セット（６本）の中で１本破損していました。残念です。交換してください。,不明,ハンガー用備品,,,,
不明,不明,不明,6,納期について,7,配送会社に関する希望（ご注文前）,東京店在庫なら店頭受取、無理なら本日出荷を希望し、不可ならキャンセルしたい,当日受取/当日出荷可否の確認,在庫確認,店舗在庫・受取可否の情報が不足,東京店在庫/受取可否が不明,低,商品ページ,注文後,当日発送;東京店;在庫;11/21受け取り;本日出荷;キャンセル,高,東京店に在庫がございましたら、本日11/21(金)受け取りに伺いたいです。;難しいようでしたらキャンセル扱いにてお願いいたします。,不明,不明,,,,
不明,事務担当,不明,6,納期について,1,納期確認（ご注文前）-サイト表示日より早くほしい,出荷予定が12/1の商品を12/1着にできるか確認したい,12/1出荷品の12/1着可否,納期確認,なし,なし,低,商品ページ,注文前,61-733-36-1;12月1日頃出荷;12月1日着;発注予定,高,『61-733-36-1』のみ12月1日頃出荷と記載がございました。 こちら12月1日に弊社着は難しいでしょうか？,不明,不明,,,,
不明,個人,不明,5,クレーム,1,お届け商品の破損,購入品がバラバラに外れる不良のため対応してほしい,装飾が外れる不良の相談,不良対応,なし,なし,低,不明,配送後,13707410;13713227;袋をあけたら;バラバラ落ちてきた;赤い実;ボンド,中,これは昨日使用しようとおもって袋をあけたらこのようにきれいにバラバラ落ちてきました。;これではお客様にお送りするときに不安でしかありません。,不明,不明,,,,
レッドリボン/ゴールドリボン;ワイヤータイ,事務担当,ストエキ（公式サイト）,5,クレーム,3,注文した商品と違うものが届いた,注文と違うリボン/ワイヤータイが届いたので交換したい,赤/ゴールド違いで交換希望,交換,カート画像が互い違いに表示され誤認の可能性,カート画像表示が紛らわしい,低,カート,配送後,お買い物カゴ;画像が互い違い;レッドリボン;ゴールドリボン;リボン赤;リボンゴールド;タグ緑;タグ赤;交換希望,中,お買い物カゴの画像が互い違いに表示されているかもしれません。;ご確認いただき、交換希望します。,不明,ラッピングリボン／タイ,,,,
不明,事務担当,不明,6,納期について,5,納期確認（ご注文後）-いつ届くのか,着指定注文の配送状況を確認したい,着指定注文の配送状況確認,配送状況確認,なし,なし,中,注文履歴詳細,配送前,21日着指定;配送状況,中,21日着指定にて注文いたしました商品につきまして、現在の配送状況をご教示いただけますでしょうか。,不明,不明,,,,
不明,事務担当,不明,4,ご利用について,6,支払方法の種類について,郵便振替の振込名義にオーダー番号が必要か確認したい,郵便振替の名義記載確認,支払,支払方法の手続き情報が不足,郵便振替の名義ルール不明,中,ご利用ガイド（お支払いについて）,支払時,郵便振替;名義;オーダー番号;会社名,低,郵便振替の場合の名義等はオーダー番号等が必要ですか。会社名で大丈夫ですか？,不明,不明,,,,
ラテラル・ロコ;ガラス天板;ガラス棚板;木製棚板;角バー;フック;ストックボックス,事務担当,不明,1,商品単品の仕様について,1,大型什器商品について,購入済み商品の重量・製造国・梱包サイズなど仕様を知りたい,什器/棚板等の仕様情報確認,商品仕様確認,商品ページに仕様情報が十分にない可能性,重量/梱包サイズ等が不明,中,商品ページ,注文後,重量;製造国;梱包サイズ;ラテラル・ロコ;ガラス天板;ガラス棚板;透明棚用跳ね上がり防止ストッパー;木製棚板;角バー;フェイスアウトフック;ストックボックス,低,以前、購入した商品の詳細を知りたくご連絡させていただきました。 重量、製造国、梱包サイズをそれぞれご教示いただけますと幸いです。,不明,ラテラル・ロコ,,,,
透明アクリル5面ボックス〔ストエキオリジナル〕 20cm角,事務担当,ストエキ（公式サイト）,6,納期について,2,納期確認（ご注文前）-大量注文したいが表示通りの納期で対応できるか,大量注文の在庫と12/13到着可否を確認したい,アクリルボックス105個の納期確認,在庫確認,大量数時の納期・在庫確保が不明,大量注文の在庫/納期が判断不可,低,商品ページ,注文前,透明アクリル5面ボックス;61-810-24-3;20cm角;必要個数105個;納品期限12/13到着,高,納品期限：12/13到着 納品期限に間に合わない場合は不要です。,不明,ディスプレイケース(アクリル),,,,
不明,事務担当,不明,4,ご利用について,6,支払方法の種類について,NP掛け払いを今月中に支払い完了できる方法へ変更したい,NP掛け払いを前倒し決済へ変更,支払方法変更,支払方法変更手順が不明,NP掛け払い変更可否が不明,中,ご利用ガイド（お支払いについて）,支払時,法人契約;NP掛け払い;今月支払いを完了;変更可能,中,法人契約をしており、NP掛け払いになっているが、今月支払いを完了させたいです。 変更可能ですか？,不明,不明,,,,
不明,事務担当,不明,7,インボイスについて,1,納品書の再発行依頼,T番号対応の納品書を期限までに再発行してほしい,紛失したT番号納品書の再発行,帳票発行,納品書再発行方法が不明,納品書再発行手順が分からない,中,ヘルプページ,帳票発行時,納品書;紛失;T番号対応;再発行;11月30日まで;メールデータ;郵送;月内精算,高,1回目の2袋分の納品書を紛失してしまいまして、T番号対応の納品書を再発行いただくことは可能でしょうか。,不明,不明,,,,
不明,不明,不明,13,お客様ではない企業からの売込み,1,お客様ではない企業からの売込み,リード提供サービスの営業提案をしたい,成果報酬型リード提供の売込み,不明,なし,なし,低,お問い合わせフォーム,不明,完全成果報酬;リード提供;SFAジャーナル;日程調整リンク;ジオコード,低,この度はオフィスデザインを検討しているリードを完全成果報酬にて、貴社にご提供させていただく座組のご提案が出来ればと思い,不明,不明,,,,
不明,個人,不明,8,帳票について,1,領収書の発行希望（インボイス目的以外）,領収書を発行してほしい（PC未使用）,PCなしの領収書発行依頼,帳票発行,PCを使わず領収書を取得できない,PC未使用で領収書取得が困難,低,ヘルプページ,帳票発行時,領収書;パソコン使用してない,中,領収書お願い致します。パソコン使用してないので宜しくお願い致します。,不明,不明,,,,
不明,事務担当,不明,6,納期について,1,納期確認（ご注文前）-サイト表示日より早くほしい,表示より早い納品（26日）にできるか相談したい,28日予定を26日着へ前倒し希望,納期確認,なし,なし,低,商品ページ,注文前,最短;発送;28日お届け予定;26日希望,高,もっと早く（26日希望）送っていただけると助かります。,不明,不明,,,,
不明,事務担当,不明,6,納期について,1,納期確認（ご注文前）-サイト表示日より早くほしい,出荷選択が12/15以降の商品を早めに欲しい,12/15以降出荷を前倒し希望,納期相談,なし,なし,低,商品ページ,注文前,出荷が12/15あたりから;1日も早く;年末の挨拶に使用,中,出荷が12/15あたりからの選択でしたが、1日も早く頂ければと思いますので、ご対応お願い致します。,不明,不明,,,,
不明,不明,不明,7,インボイスについて,1,納品書の再発行依頼,納品書の再発行可否を確認したい,納品書再発行の可否確認,帳票発行,再発行手順が分からない,納品書再発行の方法不明,中,ヘルプページ,帳票発行時,納品書;再発行,低,納品書の再発行ってできますか？,不明,不明,,,,
不明,不明,不明,6,納期について,3,納期確認（ご注文前）-いつ届くのか,11/28までに届くよう手配してほしい,11/28までの到着希望,納期確認,なし,なし,低,ご注文の確認,注文時,11月28日までに届く,高,11 月28日（金）までに届くように よろしくお願いします。,不明,不明,,,,
不明,事務担当,不明,3,注文について,3,注文内容の変更,支払方法を口座指定から店頭受取時の現金払いに変更したい,支払方法を窓口現金払いへ変更,支払方法変更,支払方法変更手順が分からない,受取時現金払い変更方法不明,中,ご注文方法の設定,注文後,お支払方法;口座に指定;東京店受取;窓口現金払い;変更可能,中,東京店受取時に窓口現金払いへの変更は可能ですか？,不明,不明,,,,
不明,事務担当,ストエキ（公式サイト）,4,ご利用について,10,NP掛け払いによる手続きエラー,NP掛け払い審査保留の手続きを進めたいがログインできない,NP掛け払い保留手続きとログイン不可,ログイン;支払,ログインできず手続きに進めない,ログイン不可で審査手続きが進まない,低,ログインできない場合,注文後,NP掛け払い;審査が通らず保留;手続き;ログインできない,中,NP掛け払いのところで審査が通らず保留になっている案件について、手続きをしたいのですがログインができなくなってしまいました。,不明,不明,,,,
不明,現場施工者,不明,6,納期について,8,配送会社に関する希望（ご注文後）,本日納品荷物の追跡番号の有無を確認したい,当日納品の追跡番号確認,配送状況確認,追跡情報が見当たらず到着目処が分からない,追跡番号不明で到着目処が不安,中,注文履歴詳細,配送中,今日の納品;追跡番号;荷捌きで待機;目処が分からず,高,今日の納品荷物ですが、追跡番号などはありますでしょうか?;ずっと荷捌きで待機しており、目処が分からず、不安です。,不明,不明,,,,
不明,不明,不明,3,注文について,4,注文のキャンセル,再注文したため元注文をキャンセルしたい,NP不可の注文をキャンセル,キャンセル,なし,なし,中,注文履歴詳細,注文後,NP払い;クレジットカード払い;再度注文;キャンセル,中,NP払いが不可でしたため、;こちらの注文についてはキャンセルをお願い致します。,不明,不明,,,,
不明,不明,不明,6,納期について,6,納期変更（ご注文後）-納期指定したが変更したい,可能なら出荷を早めてほしい,出荷日を早められるか確認,納期変更,なし,なし,低,注文履歴詳細,注文後,出荷;1番早い日;早めて,中,もし、早まるようであれば早めて頂けたら助かります。,不明,不明,,,,
スプリングサーカスサンタ,不明,不明,5,クレーム,1,お届け商品の破損,破損品を交換してほしい,サンタ商品破損の交換依頼,交換,なし,なし,低,不明,配送後,破損;交換希望;スプリングサーカスサンタ;注文番号：58-96-4;右手部分,中,以下の商品に破損がありました、 交換を希望します;サンタの右手部分,不明,人形（クリスマスドール）,,,,
システム什器;トロッコ什器,不明,ストエキ（公式サイト）,1,商品単品の仕様について,1,大型什器商品について,什器カラー「エクリュ」の素材品番情報を知りたい,什器色エクリュの素材品番確認,商品仕様確認,実物確認や素材サンプル情報が不足,色合わせ用の素材情報が見当たらない,低,商品ページ,注文前,店舗什器;システム什器;トロッコ什器;エクリュ;素材;品番;アイカ;LP-146;素材サンプル;61-751-2-3;61-808-41-1,低,素材の品番をご教示いただくことは可能でしょうか？;素材サンプルなどで確認できればと思っておりました。,不明,システム什器,,,,
軽量木製ポスターパネル(UVカット),不明,不明,2,ご相談について,2,販促什器について,交換用前面カバーの単品販売を要望したい,ポスターパネル前面カバー販売要望,商品取扱い相談,交換用部材の販売導線がない,交換用カバーの購入手段が不明,低,商品ページ,不明,軽量木製ポスターパネル;UVカット;前面カバー;傷つきやすい;交換用前面カバー;単品販売;数枚セット,低,前面カバーが傷つきやすく、;「交換用前面カバー(UVカット)の単品ないし数枚セットでの販売」を要望いたします。,不明,ポスターフレーム／パネル,,,,
不明,店舗オーナー,Amazon,13,お客様ではない企業からの売込み,1,お客様ではない企業からの売込み,新規取引（卸・取扱い）を打診したい,Amazon販路での取扱い提案,不明,なし,なし,低,お問い合わせフォーム,不明,新規取引;Amazon;オンライン販売;支払い;ロット数,低,貴社と新規にお取引をお願いしたく、ご連絡させていただきました。;販売に関して支払いやロット数など、決まり事がございましたらお知らせいただきたいです。,不明,不明,,,,
スプリングサーカスサンタ,不明,不明,5,クレーム,1,お届け商品の破損,破損品を交換してほしい,サンタ商品破損の交換依頼,交換,なし,なし,低,不明,配送後,破損;交換希望;スプリングサーカスサンタ;注文番号 58-96-4;右手部分,中,以下の商品に破損がありました 交換を希望します;サンタの右手部分,不明,人形（クリスマスドール）,,,,
【5台組】溶接式ハンガーラック 白〔ストエキオリジナル〕,不明,ストエキ（公式サイト）,6,納期について,1,納期確認（ご注文前）-サイト表示日より早くほしい,当日出荷なら早い到着が可能か確認したい,当日出荷表示と到着日の差を確認,納期確認,当日出荷表示と注文画面の到着予定が一致しない,出荷表示と到着予定日の不一致,中,ご注文の確認,注文時,溶接式ハンガーラック;白;90cm;当日出荷;12月4日到着;11月29日到着,高,注文画面に進むと１２月４日到着になります。;今日注文すると１１月２９日に到着しませんか。,不明,ハンガーラック,,,,
不明,不明,不明,6,納期について,6,納期変更（ご注文後）-納期指定したが変更したい,着日を早められるか相談したい,着日を前倒しできるか相談,納期変更,なし,なし,低,注文履歴詳細,注文後,着日;早めて,中,着日ですが、もう少し早めていただくことは難しいでしょうか？？,不明,不明,,,,
不明,不明,不明,3,注文について,6,配送先の変更,キャンセル申請したが住所変更で対応したい,キャンセルではなく住所修正したい,配送先変更,キャンセル申請後の住所変更可否が不明,キャンセル後の住所修正手順不明,低,注文履歴詳細,注文後,キャンセル申請;住所変更;〒142-0051;東京都品川区平塚1-9-4;メゾン山中１F,中,キャンセル申請させていただきましたが 住所変更可能でしたら修正いただけますでしょうか。,不明,不明,,,,
不明,不明,不明,6,納期について,10,到着時間指定の希望（ご注文後）,指定日必着で手配してほしい,29日必着の配送手配依頼,納期指定,なし,なし,低,注文履歴詳細,注文後,29日;土曜日;必着,高,29日（土曜日）必着で手配お願いします。,不明,不明,,,,
不明,不明,不明,13,お客様ではない企業からの売込み,1,お客様ではない企業からの売込み,M&A案件の売り込みをしたい,M&A譲受検討の営業連絡,不明,なし,なし,低,お問い合わせフォーム,不明,M&A総合研究所;譲受;建設看板事業;秘密保持契約;URL;PAS,低,貴社にてお譲受の検討が可能かお伺いしたくご連絡させていただきました。,不明,不明,,,,
不明,事務担当,不明,7,インボイスについて,4,どれがインボイスなのか分からない,納品書（インボイス）の宛名を配送先名で発行してほしい,納品書宛名を子会社名で発行希望,帳票発行,注文者名と必要な宛名が異なる場合の発行方法が不明,注文者と宛名違いのインボイス対応不明,低,不明,帳票発行時,納品書;あて名;NHN PlayArt株式会社;NHN JAPAN;インボイス;法人カード;送り先,中,納品書のあて名を「NHN PlayArt株式会社」で発行してください。;送り先のあて名でのインボイスが必要です。,不明,不明,,,,
不明,不明,不明,6,納期について,6,納期変更（ご注文後）-納期指定したが変更したい,着日を指定し忘れたので指定したい,着日指定忘れの後から指定相談,納期指定,注文確定後に着日指定できるか不明,注文後の着日指定可否が不明,中,注文履歴詳細,注文後,日付指定;忘れ;12月11日;着希望;指定可能,中,最短の日付指定を忘れてしまいました。;12月11日（木）着希望です,不明,不明,,,,
不明,不明,不明,13,お客様ではない企業からの売込み,1,お客様ではない企業からの売込み,障がい者雇用サービスの営業をしたい,障がい者雇用サービスの売り込み,不明,なし,なし,低,お問い合わせフォーム,不明,障がい者雇用;資料;サービス案内;日程調整URL;添付資料,低,この度は、障がい者雇用に関する資料をお届けしたく、本メールをお送りいたしました。,不明,不明,,,,
不明,事務担当,不明,7,インボイスについて,2,領収書でのインボイス希望,領収書に適格事業者番号（T番号）を表示したい,領収書にT番号表示方法を知りたい,領収書発行,領収書に適格事業者番号が表示されない,領収書にT番号が表示されない,中,不明,帳票発行時,領収書;Tから始まる;適格事業者番号;表示,低,領収書にTから始まる適格事業者番号がないのですが、表示できる方法はありますでしょうか？,不明,不明,,,,
不明,事務担当,不明,8,帳票について,1,領収書の発行希望（インボイス目的以外）,領収書の宛名を指定名義で発行したい,領収書の宛名変更依頼,領収書発行,登録情報と異なる宛名での発行方法が不明,登録情報と別宛名の領収書発行が不明,中,不明,帳票発行時,領収書;宛名;上野消防少年団;担当者;登録情報とは別,中,今回の注文の領収書の宛名を以下のとおりでお願いしたく;上野消防少年団 宛,不明,不明,,,,
不明,不明,不明,4,ご利用について,5,注文したい商品が見当たらない、注文番号が分からない,社名検索できないため検索名を指定したい,社名検索不可時の検索名指定,サイト内検索,社名で検索できない,社名検索でヒットしない,中,サイト内検索,注文前,社名で検索;ドコモショップ前橋東店,低,社名で検索ができない場合は ドコモショップ前橋東店 でお願いします,不明,不明,,,,
不明,不明,不明,3,注文について,1,注文内容の確認,欠品分を除き在庫分だけ先に出荷してほしい,欠品でも在庫分のみ先出荷依頼,分納/部分出荷,欠品時の部分出荷選択ができない,欠品時に在庫分だけ出荷できない,低,注文履歴詳細,注文後,欠品;出荷遅れ;急ぎ;あるもの;取り急ぎ出荷,高,欠品のため出荷遅れとのことですが、急ぎのため取り急ぎあるもので出荷してください,不明,不明,,,,
不明,不明,ストエキ（公式サイト）,4,ご利用について,8,注文方法が分からない,配送ではなく東京店で引き取りに変更したい,配送から店舗受取へ変更相談,店舗受取,注文後に配送から店舗受取へ変更できるか不明,注文後の受取方法変更が不明,低,注文履歴詳細,注文後,配送ではなく;決済済み;明日;東京店;取りに伺う;キャンセル;再注文;引き取り,高,決済済みのものを明日ストアエキスプレス東京店様に取りに伺うことはできますでしょうか。;この注文をキャンセルし再注文、もしくはこの注文を生かしたまま引き取りができるか,不明,不明,,,,
ラウンドタワー什器 4段〔ストエキオリジナル〕,不明,不明,6,納期について,3,納期確認（ご注文前）-いつ届くのか,指定日までに納品可能か確認したい,ラウンドタワー什器の納品可否確認,納期確認,なし,なし,低,商品ページ,注文前,ラウンドタワー什器;4段;鹿児島県鹿児島市;12/3;12/4;納品,高,12/3(水)または4(木)の納品はご対応可能でしょうか。,不明,単体什器,,,,
不明,不明,不明,4,ご利用について,1,ログインできない,パスワード再設定をしたいが電話番号で弾かれる,電話番号エラーでPW再設定不可,パスワード再設定,電話番号認証でエラーになり再設定できない,電話番号で弾かれ再設定不可,低,パスワード再設定,不明,パスワード;再設定;電話番号;はじかれて,中,パスワードがわからなくなり、再設定したいが 電話番号ではじかれてしまって出来ない。,不明,不明,,,,
ツリー;オーナメント,個人,ストエキ（公式サイト）,4,ご利用について,3,キャンペーンについて,注文確定後にクーポンを適用してほしい,確定後のクーポン適用可否,クーポン適用,注文確定後にクーポンを適用する操作ができない,確定後にクーポン適用できない,低,ご注文の確認,注文後,ツリー;オーナメント;会員登録;クーポン;500円;選択せず;注文確定後;適用,中,注文確定してしまいました。注文確定後に適用していただくことは可能でしょうか。,不明,クリスマスツリー,,,,
不明,不明,不明,6,納期について,5,納期確認（ご注文後）-いつ届くのか,いつ届くか知りたい,注文後の到着予定確認,配送状況確認,確認方法が分からない,到着予定の確認手段が不明,中,注文履歴詳細,注文後,いつ届きますか,中,いつ届きますか？,不明,不明,,,,
不明,不明,不明,13,お客様ではない企業からの売込み,1,お客様ではない企業からの売込み,採用イベントの営業案内,就活フットサル出展提案,不明,なし,なし,高,不明,不明,就活フットサル;新卒採用;27卒;オンライン打ち合わせ;日程調整ツール,低,なし,不明,不明,,,,
レジ袋スタンド什器〔ストエキオリジナル〕シンプルタイプ;A4サイン付き消毒液スタンド,事務担当,ストエキ（公式サイト）,3,注文について,3,注文内容の変更,注文数量を変更したい,注文台数を1台→2台へ,注文内容変更,なし,なし,低,注文履歴詳細,注文後,61-797-72-1;レジ袋スタンド什器;ストエキオリジナル;1台→2台;52-535-7-1;A4サイン付き消毒液スタンド,中,61-797-72-1レジ袋スタンド什器〔ストエキオリジナル〕シンプルタイプを1台で注文させていただきましたが2台に変更いただければと思います。,不明,レジ袋用什器,,,,
ナット,不明,不明,5,クレーム,2,お届け商品のパーツ不足,不足部品を送ってほしい,ナット等不足部品の同送依頼,部品不足対応,なし,なし,低,不明,配送後,ナット;入っていなかった;一緒に送って,中,前回購入時に入っていなかった、ナットなどを一緒に送って下さい。,不明,不明,,,,
不明,不明,不明,6,納期について,10,到着時間指定の希望（ご注文後）,指定日での納品可否を確認したい,12/11指定日納品の可否,納期変更,なし,なし,中,注文履歴詳細,注文後,納期;12/11;指定日,中,納期につきまして、12/11指定日にすることはできないでしょうか。,不明,不明,,,,
不明,個人,不明,5,クレーム,1,お届け商品の破損,梱包不備の再発防止を伝えたい,破れ梱包後の代替品到着報告,破損対応,なし,なし,低,お問い合わせフォーム,配送後,商品梱包が破れてた;代替品;丁寧に梱包;プチプチ;返品,低,先日、商品梱包が破れてた件で、連絡した中島です。;また使い終わったら、次回も注文する予定ですので、この様なこと、ないことを希望します。,不明,不明,,,,
不明,事務担当,ストエキ（公式サイト）,8,帳票について,1,領収書の発行希望（インボイス目的以外）,領収書の印刷方法を知りたい,領収書印刷の導線確認,帳票発行,導線が分かりにくい,領収書印刷場所が不明,中,ログイン/マイページ,帳票発行時,領収書;印刷;どこから入れば,中,領収書を印刷したいのでうすがどこから入ればいいのでしょうか,不明,不明,,,,
差し込み式角バーセット,現場施工者,不明,3,注文について,5,お客様都合による返品や交換,別商品へ交換したい,差し込み式角バーを貫通式へ交換,交換,なし,なし,中,ヘルプページ,注文後,差し込み式角バーセット;幅90cm;幅120cm;幅が合わなかった;貫通式;交換,中,上記のバーセットの幅が合わなかった為、別の商品（貫通式）と交換をお願いしたいです。,不明,角バー（共通オプション）,,,,
不明,不明,不明,6,納期について,9,到着時間指定の希望（ご注文前）,早い到着希望を伝えたい,12/3午前着（可能なら12/2着）希望,納期確認,なし,なし,中,ご注文の確認,注文時,12/3午前中着;12/2着,高,出来れば12/3午前中着希望です。 （可能なら12/2着が一番ありがたいです）,不明,不明,,,,
不明,事務担当,ストエキ（公式サイト）,7,インボイスについて,1,納品書の再発行依頼,インボイス納品書を再発行してほしい,納品書紛失のため再発行依頼,帳票再発行,なし,なし,低,注文履歴詳細,帳票発行時,納品書;紛失;インボイス;再発行;経費処理,中,納品書を紛失してしまったようで、経費処理にあたってインボイスが必要となり、再発行可能でしょうか？,不明,不明,,,,
不明,不明,ストエキ（公式サイト）,4,ご利用について,8,注文方法が分からない,カートに入れられない原因と対処を知りたい,セッション切れで購入できない,カート投入,セッション切れエラーで購入不可,セッション期限切れでカート不可,中,カート,注文前,カートに入れる事ができず;セッションの有効期間がきれました;トップページよりアクセス,中,セッションの有効期間がきれました。,不明,不明,,,,
不明,不明,不明,6,納期について,3,納期確認（ご注文前）-いつ届くのか,表示納期より早く届くか確認したい,発送予定12/16より前倒し可否,納期確認,なし,なし,中,商品ページ,注文前,61-321-1-1;発送予定日;12月16日;早く届く,中,発送予定日が12月16日となっていますが それより早く届くことはありますか？,不明,不明,,,,
不明,不明,不明,3,注文について,5,お客様都合による返品や交換,交換手順を知りたい,誤購入のため交換方法確認,交換,手続き方法が分からない,交換の手順が不明,中,ヘルプページ,注文後,間違ったもの;購入;交換;どうしたら,中,間違ったものを購入してしまったので交換をお願いしたいですがどうしたら良いでしょうか？,不明,不明,,,,
不明,不明,不明,13,お客様ではない企業からの売込み,1,お客様ではない企業からの売込み,SNS運用代行の営業案内,SNS運用代行の提案・商談依頼,不明,なし,なし,高,不明,不明,SNS運用代行;Instagram;TikTok;YouTube;オンライン打ち合わせ;運用代行;インフルエンサー,低,なし,不明,不明,,,,
不明,不明,不明,6,納期について,10,到着時間指定の希望（ご注文後）,配達日時指定を依頼したい,12/10午前中着の指定依頼,納期変更,なし,なし,中,注文履歴詳細,注文後,12月10日;午前中着,中,12月10日の午前中着でよろしくお願いいたします。,不明,不明,,,,
不明,不明,不明,3,注文について,4,注文のキャンセル,誤注文を取り消したい,誤って注文したためキャンセル希望,キャンセル,なし,なし,中,注文履歴詳細,注文後,間違えて注文;キャンセル,中,商品を間違えて注文しました。,不明,不明,,,,
不明,不明,ストエキ（公式サイト）,6,納期について,5,納期確認（ご注文後）-いつ届くのか,当日出荷してほしい,急ぎのため本日出荷対応依頼,出荷依頼,なし,なし,低,ご注文の確認,配送前,当日出荷;午前中;急ぎ;本日出荷,高,急ぎでほしいので、本日出荷対応いただけましたら非常に助かります。,不明,不明,,,,
不明,不明,ストエキ（公式サイト）,4,ご利用について,3,キャンペーンについて,クーポンコードを再確認したい,アンケート後に閉じてクーポン不明,クーポン確認,クーポン表示導線が分かりにくい,回答後にコード再確認できない,中,クーポンの確認,注文前,トップページバナー;アンケート;クーポンコード;確認せずに閉じた,低,トップページバナーのアンケート回答後にクーポンコードを確認せずに閉じてしまいました。,不明,不明,,,,
不明,不明,不明,6,納期について,10,到着時間指定の希望（ご注文後）,配達日の変更を依頼したい,12/3着へ配達日変更希望,納期変更,なし,なし,中,注文履歴詳細,注文後,配達日;変更;12月3日着,高,配達日の変更可能でしょうか？ 12月3日着希望です。,不明,不明,,,,
不明,事務担当,不明,8,帳票について,1,領収書の発行希望（インボイス目的以外）,領収書を発行してほしい,領収書発行の可否確認,帳票発行,なし,なし,中,注文履歴詳細,帳票発行時,領収書;欲しい;可能,中,領収書が欲しいのですが 可能ですか？,不明,不明,,,,
不明,不明,ストエキ（公式サイト）,4,ご利用について,3,キャンペーンについて,アンケート回答後のクーポン表示不具合を解消したい,アンケート回答後にクーポンが出ない,クーポン取得,クーポンが表示されない,アンケート後にクーポン未表示,中,イベントページ,注文前,アンケート;クーポン;出ません,低,アンケートに答えたのにクーポンが出ません。,不明,不明,,,,
不明,事務担当,不明,8,帳票について,2,請求書の発行希望（インボイス目的以外）,請求書をメールで受け取りたい,同送選択ミスのため請求書をメール希望,請求書発行,選択肢が分かりにくい,請求書同送を誤選択した,低,ご注文方法の設定,帳票発行時,請求書;同送;誤って選択;インボイス対応;メール,中,請求書を同送するを誤って選択してしまったため、インボイス対応請求賞をメールでいただけますと幸いです。,不明,不明,,,,
不明,事務担当,不明,7,インボイスについて,1,納品書の再発行依頼,納品書を再発行してほしい,納品書の再発行依頼,帳票再発行,なし,なし,低,注文履歴詳細,帳票発行時,納品書;再発行,中,納品書の再発行をご依頼させて頂ければ幸いです。,不明,不明,,,,
不明,事務担当,ストエキ（公式サイト）,7,インボイスについて,1,納品書の再発行依頼,インボイス納品書を再送してほしい,WEBオーダー13708936の納品書再送希望,帳票再発行,なし,なし,低,注文履歴詳細,帳票発行時,13708936;10月23日;インボイス対応;納品書;紛失;再送,中,お送りいただいたインボイス対応の納品書を紛失してしまいましたので、お手数ですが再度お送りいただく事は可能でしょうか。,不明,不明,,,,
不明,不明,不明,6,納期について,5,納期確認（ご注文後）-いつ届くのか,商品到着状況を確認したい,明日引き取り予定、到着済みか確認,納期確認,なし,なし,中,注文履歴詳細,配送前,明日取りに行ける;届いてますか,中,明日取りに行けるのですが、届いてますか？,不明,不明,,,,
不明,不明,不明,6,納期について,5,納期確認（ご注文後）-いつ届くのか,揃った分を先に発送してほしい,欠品ありのため先出し発送依頼,分納/部分出荷,なし,なし,低,注文履歴詳細,配送前,揃わない商品;9日発送予定;先に送って,中,揃わない商品があり9日発送予定とのことですが、揃ったものを先に送っていただけますでしょうか。,不明,不明,,,,
不明,不明,不明,4,ご利用について,1,ログインできない,ログインできないため解決したい,試したがログインできない,ログイン,ログイン不可の原因が分からない,ログイン不可で原因不明,中,ログイン/マイページ,不明,過去に利用;ログイン;色々試しました,中,過去に利用させて頂いてました 色々試しましたがログインません,不明,不明,,,,
不明,事務担当,不明,7,インボイスについて,1,納品書の再発行依頼,納品書を送付してほしい,納品書が同封されていない,帳票発行,納品書が同梱されていない,納品書が未同封で入手不可,中,不明,配送後,納品書;同封されていない;郵送;データ送付,中,本日届いたのですが、納品書が同封されていませんでした。 郵送またはデータにて送付いただけないでしょうか？,不明,不明,,,,
不明,不明,不明,13,お客様ではない企業からの売込み,1,お客様ではない企業からの売込み,生成AIウェビナー共催を提案したい,無料ウェビナー共催の売込み,不明,なし,なし,高,不明,不明,生成AI活用;無料ウェビナー;共催;研修;紹介手数料;timerex.net,低,「生成AI活用」をテーマにした無料ウェビナーを共催させていただけないかと思い、ご連絡いたしました。;一度オンラインにて30分ほどお打ち合わせの機会をいただけないでしょうか？,不明,不明,,,,
LED1728球 ドレープライトロングサイズ(10m) ホワイト/ブルー,不明,不明,4,ご利用について,5,注文したい商品が見当たらない、注文番号が分からない,販売終了表示の理由を確認したい,販売終了=完売か知りたい,商品ページ,販売終了表示の意味が不明,販売終了表示で購入可否不明,中,商品ページ,注文前,58-63-1-1;販売終了;完売;LED1728球;ドレープライトロングサイズ;10m;ホワイト/ブルー,低,販売終了と出てしまいます。商品が完売したというこでしょうか?,不明,ドレープライト（イルミネーション）,,,,
不明,不明,不明,3,注文について,1,注文内容の確認,商品を追加購入したい,指定商品の追加を依頼,追加注文,なし,なし,中,不明,注文後,61-423-55-3;1セット;追加,中,61-423-55-3を1セット追加したいです。,不明,不明,,,,
ゴミ箱関連;シューズラック,不明,不明,13,お客様ではない企業からの売込み,1,お客様ではない企業からの売込み,商品提案の営業連絡をしたい,ゴミ箱等の取扱提案の売込み,不明,なし,なし,高,不明,不明,平和工業株式会社;ゴミ箱関連;シューズラック;直送対応;提案,低,御社へ以下の商品アイテムをご提案し、売上UPに貢献できます。,不明,ゴミ箱,,,,
不明,不明,不明,1,商品単品の仕様について,8,その他商品について,配送時の梱包方法とサイズを確認したい,梱包方法と3辺サイズ確認,配送条件確認,梱包方法・サイズ情報が不足,梱包寸法情報が見当たらない,中,商品ページ,注文前,61-785-36-1;オンライン注文予定;梱包方法;3辺サイズ,低,配送時の梱包方法や３辺のサイズをお伺いしたく思います。,不明,不明,,,,
不明,不明,不明,99,間違い電話,1,間違い電話,配送予定連絡へのお礼を伝えたい,配送予定の連絡への感謝,不明,なし,なし,高,不明,配送前,配送予定;信頼して注文;感謝,低,これからも信頼して注文させていただきたく思います！;個々への対応を誠に感謝いたします。,不明,不明,,,,
不明,事務担当,不明,7,インボイスについて,2,領収書でのインボイス希望,適格請求書番号記載の領収書を発行してほしい,インボイス対応領収書が欲しい,帳票発行,納品明細に適格請求書番号の記載がない,納品明細がインボイス未対応,中,不明,帳票発行時,納品書送付先;商品と同梱;適格請求書番号;納品明細;領収書,中,適格請求書番号の記載のないただの納品明細しか確認できませんでした。;適格請求書番号記載の領収書の発行をお願いいたします。,不明,不明,,,,
不明,不明,不明,6,納期について,10,到着時間指定の希望（ご注文後）,到着日・時間指定を依頼したい,12/4 AM着指定を希望,配送日時指定,なし,なし,中,ご注文の確認,注文後,12/4;AM着指定;12/4着,高,可能でしたら2025年12月4日AM着指定でお願い致します。（AM着は難しければ12/4着で結構です）,不明,不明,,,,
不明,不明,不明,6,納期について,10,到着時間指定の希望（ご注文後）,到着日・時間指定を依頼したい,12/4 AM着指定を希望,配送日時指定,なし,なし,中,ご注文の確認,注文後,12/4;AM着指定;12/4着,高,可能でしたら2025年12月4日AM着指定でお願い致します。（AM着は難しければ12/4着で結構です）,不明,不明,,,,
不明,不明,不明,6,納期について,10,到着時間指定の希望（ご注文後）,到着日・時間指定を依頼したい,12/4 AM着指定を希望,配送日時指定,なし,なし,中,ご注文の確認,注文後,12/4;AM着指定;12/4着,高,可能でしたら2025年12月4日AM着指定でお願い致します。（AM着は難しければ12/4着で結構です）,不明,不明,,,,
不明,不明,不明,6,納期について,6,納期変更（ご注文後）-納期指定したが変更したい,到着日指定を早めたい,12/5指定へ変更したい,配送日時指定,日付指定の選択肢が12/6以降,日付指定が12/6以降のみ,低,ご注文の確認,注文後,12/5指定;12/6～;本日出荷,高,12/5(金)指定に変更できますでしょうか。,不明,不明,,,,
不明,事務担当,不明,3,注文について,2,入金確認,入金確認をしてほしい,入金したので着金確認希望,入金確認,なし,なし,低,不明,支払時,入金;着金確認,中,入金させていただきましたが、 着金確認できますでしょうか。,不明,不明,,,,
不明,不明,不明,9,カタログ・DMについて,2,カタログを送付してほしい,会員登録なしでカタログ発送依頼できるか確認したい,会員登録なしでカタログ依頼可否,カタログ請求,会員登録必須か分からない,カタログ請求の条件が不明,中,カタログ請求,不明,会員登録;カタログ発送,低,会員登録をしないと、カタログ発送のお願いはできないでしょうか。,不明,不明,,,,
LEDホログラムリボントナカイ,不明,不明,1,商品単品の仕様について,4,季節装飾商品について,LEDホログラムリボントナカイの吊り下げ利用可否を確認したい,LEDホログラムリボントナカイ吊り可否,商品仕様確認,吊り下げ可否の記載が不足,吊り下げ可否の仕様情報不足,中,商品ページ,注文前,LEDホログラムリボントナカイ;吊って利用,低,貴商品のLEDホログラムリボントナカイは、吊って利用することは可能でしょうか。,不明,不明,,,,
エアクッション,事務担当,不明,7,インボイスについて,3,インボイス番号を教えてほしい,インボイス番号記載の納品書または領収書を入手したい,インボイス番号記載の帳票希望,帳票発行,納品書/領収書が別送で手元にない,インボイス帳票が手元にない,中,不明,帳票発行時,エアクッション;別送;インボイス番号;納品書;領収書,中,インボイス番号が記載されております納品書または領収書をいただくことは可能でしょうか。,不明,エアパッキン／エアキャップ,,,,
不明,不明,不明,3,注文について,1,注文内容の確認,追加商品をまとめて注文したい,追加分をまとめて注文したい,注文作成,なし,なし,高,カート,注文前,追加の商品;まとめて注文,低,追加の商品がありますので、まとめて注文します。,不明,不明,,,,
不明,不明,不明,6,納期について,5,納期確認（ご注文後）-いつ届くのか,最短納品を依頼したい,最短での納品を希望,納期確認,なし,なし,低,不明,注文後,最短;納品希望,高,最短での納品希望です。,不明,不明,,,,
脚,不明,ストエキ（公式サイト）,6,納期について,7,配送会社に関する希望（ご注文前）,請求書払いなら日付指定を早められるか確認したい,請求書払いで早い納品可否確認,支払,日付指定が12/6(土)以降しか選べない,日付指定が12/6以降のみ表示,低,ご注文の確認,注文前,パーティション;13735469;脚;61-760-38-1;不足;12/6(土);請求書払い;指定なし,高,その場合日付の指定ですと12/6(土)からしか指定できません。;請求書払いだとこの日より早くというのは不可でしょうか。または、指定なしの方が早く届く場合がありますでしょうか。,不明,不明,,,,
不明,事務担当,ストエキ（公式サイト）,8,帳票について,3,見積書の発行希望,大口割引の有無を確認したい,見積の購入で大口割引相談,見積,大口割引の情報が見つからない,大口割引の案内が不明,中,ログイン/マイページ,注文前,マイページ;見積もり;2件;購入検討;大口割引,低,マイページに保存している2件の見積もり分の購入を検討しておりますが、大口割引等はございますでしょうか？,不明,不明,,,,
不明,不明,不明,6,納期について,6,納期変更（ご注文後）-納期指定したが変更したい,到着日を12/5に早めたい,12/5着へ前倒し希望,配送日時指定,購入時に12/6以降しか日付指定できない,日付指定が12/6以降しか選べない,低,ご注文の確認,注文時,12/6(土);日付指定;12/5(金)着,高,購入時に12/6(土)からの日付指定しかできませんでしたが、12/5(金)着でいただきたいです。,不明,不明,,,,
不明,店舗オーナー,不明,3,注文について,6,配送先の変更,配送先住所を変更したい,店舗移転のため送付先変更,配送先変更,なし,なし,中,配送先の登録,注文後,店舗移転;送り先変更;678-0245;兵庫県;赤穂市;三樋町8-6;TEL 08038275700,中,店舗が移転したので送り先の変更をお願いします,不明,不明,,,,
不明,不明,不明,4,ご利用について,1,ログインできない,ID/パスワード情報を確認してログインしたい,IDとPW登録情報の共有,ログイン,ログイン情報が不確か,登録ID/PWの確認が必要,中,ログイン/マイページ,不明,ダイレクトメール;ID;syouugetudou;パスワード;xn60g33d,中,以前御社に登録したときIDの設定にsyouugetudou とパスワードがxn60g33dと登録なっているようです。,不明,不明,,,,
ブラック脚ショーテーブル エクリュ〔ストエキオリジナル〕/幅150×奥行80×高さ82.6cm,事務担当,不明,6,納期について,4,納期確認（ご注文前）-在庫はいくつあるか,商品入荷予定と在庫可否を知りたい,ショーテーブル入荷予定確認,在庫確認,なし,なし,中,商品ページ,注文前,ブラック脚ショーテーブル;エクリュ;幅150×奥行80×高さ82.6cm;4台;入荷予定,中,下記商品の今後の入荷予定を伺いたいです。;4台購入希望なのですが、入りますでしょうか。,不明,ディスプレイテーブル,,,,
不明,不明,不明,3,注文について,4,注文のキャンセル,年内発送不可の商品だけキャンセルしたい,年内不可商品のみキャンセル希望,キャンセル,なし,なし,低,注文履歴詳細,注文後,今年中;配達可能;今年発送が無理;その商品のみキャンセル;発送可能は商品のみ発送,高,今年発送が無理な商品あれば、その商品のみキャンセルし今年発送可能は商品のみ発送ください。,不明,不明,,,,
不明,不明,不明,13,お客様ではない企業からの売込み,1,お客様ではない企業からの売込み,サービスの売り込みをしたい,法人登記クラウドの営業連絡,不明,なし,なし,不明,不明,不明,GVA TECH;GVA 法人登記;役員変更;本店移転;登記;クーポン;TnBBejzFL4,低,今後役員の変更や本店の移転などの登記予定はございませんでしょうか？,不明,不明,,,,
不明,不明,不明,6,納期について,4,納期確認（ご注文前）-在庫はいくつあるか,在庫不足時に可能数だけ先に送ってほしい,5パック確保可否と分納希望,在庫確認,在庫わずか表示のみで確保可否・分納可否が分からない,在庫確保と分納可否が不明,中,商品ページ,注文前,在庫わずか;5パック;あるだけ送って,高,今回の5パックはいかがでしょうか。;あるだけ送って頂けると助かります。,不明,不明,,,,
不明,事務担当,不明,3,注文について,2,入金確認,振込完了の反映・完了メール有無を確認したい,振込完了メール未着の確認,入金確認,入金完了通知が届かず状況が分からない,入金反映状況が確認できない,低,不明,支払時,12/5;振込完了;完了メール;来てない,中,12/5に振込完了したますが、 完了メール等、来てないのですが、 大丈夫でしょうか？,不明,不明,,,,
不明,事務担当,不明,3,注文について,2,入金確認,支払い完了の確認をしてほしい,オーダー支払済みの確認依頼,入金確認,入金反映の確認手段が分からない,支払反映確認ができない,低,不明,支払時,オーダー番号;支払いをしました;確認,中,上記オーダー番号の支払いをしました。 確認をおねがいします。,不明,不明,,,,
不明,不明,不明,13,お客様ではない企業からの売込み,1,お客様ではない企業からの売込み,輸出コンサルサービスを売り込みたい,東南アジア輸出コンサル営業,不明,なし,なし,不明,不明,不明,輸出コンサルティング;東南アジア;Shopee;海外展開;株式会社AssetAsia,低,この度は、貴社のホームページを拝見し、ご連絡させていただきました。,不明,不明,,,,
ガラスの上の天板,不明,不明,3,注文について,4,注文のキャンセル,注文をキャンセルしたい,注文キャンセル依頼,キャンセル,なし,なし,中,注文履歴詳細,注文後,キャンセル;ガラス;天板;配送,中,こちらをキャンセルして頂きたいです。;ガラスの上の天板を注文したので そちらの配送を 宜しくお願い申し上げます。,不明,ガラス棚（共通オプション）,,,,
木棚 90cm,不明,不明,3,注文について,5,お客様都合による返品や交換,木棚を返品したい,木棚90cm×2の返品希望,返品,返品手続き方法が分からない,返品方法の案内が必要,中,ヘルプページ,配送後,木棚;90cm;2つ;返品,中,木棚の90cmのものを2つ返品したいです。,不明,木棚（共通オプション）,,,,
不明,不明,不明,6,納期について,3,納期確認（ご注文前）-いつ届くのか,納期をできるだけ早くしてほしい,納期を可能な限り早め希望,納期確認,なし,なし,中,ご注文の確認,注文時,納期;早め;お願い,中,なるべく可能なかぎり早めで お願いいたします。,不明,不明,,,,
不明,不明,不明,6,納期について,8,配送会社に関する希望（ご注文後）,送り状番号が短く追跡できないため確認したい,送り状番号で追跡不可の確認依頼,配送状況確認,なし,なし,低,不明,配送後,福山通運;送り状NO;80136499;10桁;11桁;問い合わせできない,中,送り状番号が１０桁か１１桁でないと問い合わせできません。 確認をお願いします。,不明,不明,,,,
不明,不明,不明,4,ご利用について,6,支払方法の種類について,前払いかどうか確認したい,支払いが前払いか確認したい,支払,支払条件の説明が見つからない,前払い条件の記載場所が不明,中,ご利用ガイド（お支払いについて）,支払時,前払い,低,前払いでしょうか。,不明,不明,,,,
不明,不明,不明,6,納期について,5,納期確認（ご注文後）-いつ届くのか,最短出荷で手配してほしい,最短出荷での手配を依頼,納期確認,なし,なし,低,不明,注文後,最短出荷,中,最短出荷でお願いします。,不明,不明,,,,
アルミイーゼル,店舗オーナー,不明,1,商品単品の仕様について,8,その他商品について,アルミイーゼルの部品取り寄せ可否を確認したい,アルミイーゼル部品の取り寄せ相談,部品購入/取り寄せ,交換部品の案内が見つからない,部品購入手順・可否が不明,中,ヘルプページ,不明,アルミイーゼル;留め具;部品;取り寄せ;ストッパー;紛失,低,アルミイーゼルの留め具など部品の取り寄せは可能でしょうか。以前購入した同じ商品のストッパーなど部分的に紛失したものに使用したいと思います。,不明,イーゼル,,,,
正月用に発注した商品,不明,不明,6,納期について,5,納期確認（ご注文後）-いつ届くのか,年内納品できるか確認し、不可ならキャンセルしたい,年内納品可否確認とキャンセル意向,納期確認,なし,なし,低,注文履歴詳細,注文後,正月用;年内;納品可能;届かない;キャンセル,高,年内に手元に届かなのであればキャンセルしたいと思いご連絡いたしました。 年内に納品可能か教えてください,不明,不明,,,,
不明,不明,不明,13,お客様ではない企業からの売込み,1,お客様ではない企業からの売込み,インフルエンサーマーケ提案の営業連絡をしたい,インフルエンサーPR提案の売込み,不明,なし,なし,高,不明,不明,PEPPER Likes;インフルエンサー;Instagram;TikTok;PR;月額25000円;日程調整,低,もしご興味ございましたら、30分程度でご紹介できればと思い、日程調整のリンクをお送りいたします。,不明,不明,,,,
婦人全身腰受けリアルマネキン9号;紳士全身腰受けリアルマネキンM,店舗オーナー,不明,4,ご利用について,5,注文したい商品が見当たらない、注文番号が分からない,以前購入したマネキンと同タイプを追加購入したいが見つからないため代替品を知りたい,購入済みマネキンの後継/代替品相談,商品検索,検索しても該当商品が表示されない,同一商品の検索結果が出ない,中,サイト内検索,注文前,マネキン;追加発注;商品適合がない;代替品;後継品;品番8080-550;品番8055-120;2023/12/18,中,今回同商品を追加で発注したく検索したのですが、商品適合がございません。 代替品や後継品などご案内頂ける商品ありましたらご教示頂けますでしょうか。,不明,全身マネキン／リアルマネキン,,,,
不明,不明,不明,6,納期について,6,納期変更（ご注文後）-納期指定したが変更したい,指定日より早く届けられるなら前倒し発送してほしい,指定日より前倒し発送の依頼,配送日時変更,なし,なし,低,ご注文の確認,注文後,配達指定日;12/25;早め;発送,中,25日より早く配送をお願いできるのであれば、早めのご発送をお願いできればありがたく存じます。,不明,不明,,,,
天板,現場施工者,不明,5,クレーム,1,お届け商品の破損,穴位置ずれで接合できないため天板の交換/再送を依頼したい,穴ズレ不良で天板のみ再送依頼,交換,なし,なし,低,不明,配送後,天板;ジョイントシャフト;固定棚番板;穴の位置;ずれて;接合できない;写真添付;天板だけ送って,中,天板だけ送ってください。写真添付しますので、確認ください。,不明,不明,,,,
抽選玉,不明,不明,3,注文について,5,お客様都合による返品や交換,抽選玉の返品可否を確認したい,抽選玉が合わず返品可否確認,返品,返品条件が分かりにくい,サイズ違い返品の可否が不明,中,ご利用ガイド（キャンセル・返品・交換について）,配送後,抽選玉;サイズが合わず;返品希望,低,抽選玉を購入しましたが、サイズが合わず返品希望です。,不明,抽選用品,,,,
クラフト紙袋18×6,事務担当,不明,6,納期について,6,納期変更（ご注文後）-納期指定したが変更したい,手配中の紙袋を待たずに在庫品を先に分納してほしい,手配中商品を待たず分納発送希望,分納/出荷調整,分納可否や送料条件が分からない,分納発送の手順・条件が不明,低,注文履歴詳細,注文後,複数商品;クラフト紙袋18×6;手配中;25日発送;先に送って;別途配送料かかっても,中,できれば早く送って欲しいので、揃っているものを先に送って頂けないでしょうか。別途配送料がかかっても構いません。,不明,手提げ紙袋,,,,
不明,不明,不明,3,注文について,3,注文内容の変更,注文数量を80から40へ変更したい,注文数量を80→40へ変更希望,数量変更,注文後の数量変更方法が分からない,注文後の数量変更手段が不明,低,注文履歴詳細,注文後,数量;80→40;変更,中,数量に間違いがありました。80→40に変更お願いします。,不明,不明,,,,
横長;縦長（商品）,不明,不明,3,注文について,3,注文内容の変更,数量・内訳を横長1点/縦長4点に変更したい,数量内訳を横1縦4へ変更希望,数量変更,注文後の数量変更方法が分からない,注文後の数量変更手段が不明,低,注文履歴詳細,注文後,数量変更;横長1点;縦長4点;計5点,中,横長1点・縦長4点 計5点へ変更していただけますと幸いです。,不明,不明,,,,
不明,不明,不明,6,納期について,10,到着時間指定の希望（ご注文後）,12/22は休みのため到着日を調整してほしい,休業日のため到着日調整依頼,配送日時変更,配送日変更手続きが分からない,休業日に受け取れず日程調整が必要,低,注文履歴詳細,配送前,12月22日;休み;到着日,中,12月22日は休みになりますので、到着日よろしくお願いいたします。,不明,不明,,,,
不明,不明,不明,6,納期について,5,納期確認（ご注文後）-いつ届くのか,納品予定日を確認したい,納品予定日の確認,納期確認,納品予定日の表示が分からない,納品予定日を確認できない,中,注文履歴詳細,注文後,納品予定日;いつ,中,納品予定日はいつになりますでしょうか。,不明,不明,,,,
不明,不明,不明,5,クレーム,1,お届け商品の破損,打痕/剥がれが仕様か確認し、仕様でなければ交換したい,傷が仕様か確認し交換希望,仕様確認,商品状態の許容範囲が分からない,傷・剥がれが不良か判断できない,中,商品ページ,配送後,画像;打痕;剥がれ;仕様;交換,中,打痕のような剥がれのようなものがあるのですがこちらは仕様でしょうか？ 仕様でなければ交換をお願いしたいです。,不明,不明,,,,
不明,事務担当,不明,8,帳票について,2,請求書の発行希望（インボイス目的以外）,登録番号記載の請求書を発行してほしい,登録番号入り請求書の発行依頼,帳票発行,ダウンロード請求書に登録番号が表示されない,請求書に登録番号が載らない,中,注文履歴詳細,帳票発行時,納品書;登録番号;請求書;ダウンロード;記載がない;発行,中,登録番号記載の請求書を発行していただくことは可能でしょうか。,不明,不明,,,,
,,,,,,,,,,,,,,,,,,,,,,,
,,,,,,,,,,,,,,,,,,,,,,,
,,,,,,,,,,,,,,,,,,,,,,,
,,,,,,,,,,,,,,,,,,,,,,,
,,,,,,,,,,,,,,,,,,,,,,,
,,,,,,,,,,,,,,,,,,,,,,,
,,,,,,,,,,,,,,,,,,,,,,,
,,,,,,,,,,,,,,,,,,,,,,,
,,,,,,,,,,,,,,,,,,,,,,,
,,,,,,,,,,,,,,,,,,,,,,,
,,,,,,,,,,,,,,,,,,,,,,,
,,,,,,,,,,,,,,,,,,,,,,,
,,,,,,,,,,,,,,,,,,,,,,,
,,,,,,,,,,,,,,,,,,,,,,,
,,,,,,,,,,,,,,,,,,,,,,,
,,,,,,,,,,,,,,,,,,,,,,,
,,,,,,,,,,,,,,,,,,,,,,,
,,,,,,,,,,,,,,,,,,,,,,,
,,,,,,,,,,,,,,,,,,,,,,,
,,,,,,,,,,,,,,,,,,,,,,,
,,,,,,,,,,,,,,,,,,,,,,,
,,,,,,,,,,,,,,,,,,,,,,,
,,,,,,,,,,,,,,,,,,,,,,,
,,,,,,,,,,,,,,,,,,,,,,,
,,,,,,,,,,,,,,,,,,,,,,,
,,,,,,,,,,,,,,,,,,,,,,,
,,,,,,,,,,,,,,,,,,,,,,,
,,,,,,,,,,,,,,,,,,,,,,,
,,,,,,,,,,,,,,,,,,,,,,,
,,,,,,,,,,,,,,,,,,,,,,,
,,,,,,,,,,,,,,,,,,,,,,,
,,,,,,,,,,,,,,,,,,,,,,,
,,,,,,,,,,,,,,,,,,,,,,,
,,,,,,,,,,,,,,,,,,,,,,,
,,,,,,,,,,,,,,,,,,,,,,,
,,,,,,,,,,,,,,,,,,,,,,,
,,,,,,,,,,,,,,,,,,,,,,,
,,,,,,,,,,,,,,,,,,,,,,,
,,,,,,,,,,,,,,,,,,,,,,,
,,,,,,,,,,,,,,,,,,,,,,,
,,,,,,,,,,,,,,,,,,,,,,,
,,,,,,,,,,,,,,,,,,,,,,,
,,,,,,,,,,,,,,,,,,,,,,,
,,,,,,,,,,,,,,,,,,,,,,,
,,,,,,,,,,,,,,,,,,,,,,,
,,,,,,,,,,,,,,,,,,,,,,,
,,,,,,,,,,,,,,,,,,,,,,,
,,,,,,,,,,,,,,,,,,,,,,,
,,,,,,,,,,,,,,,,,,,,,,,
,,,,,,,,,,,,,,,,,,,,,,,
,,,,,,,,,,,,,,,,,,,,,,,
,,,,,,,,,,,,,,,,,,,,,,,
,,,,,,,,,,,,,,,,,,,,,,,
,,,,,,,,,,,,,,,,,,,,,,,
,,,,,,,,,,,,,,,,,,,,,,,
,,,,,,,,,,,,,,,,,,,,,,,
,,,,,,,,,,,,,,,,,,,,,,,
,,,,,,,,,,,,,,,,,,,,,,,
,,,,,,,,,,,,,,,,,,,,,,,
,,,,,,,,,,,,,,,,,,,,,,,
,,,,,,,,,,,,,,,,,,,,,,,
,,,,,,,,,,,,,,,,,,,,,,,
,,,,,,,,,,,,,,,,,,,,,,,
,,,,,,,,,,,,,,,,,,,,,,,
,,,,,,,,,,,,,,,,,,,,,,,
,,,,,,,,,,,,,,,,,,,,,,,
,,,,,,,,,,,,,,,,,,,,,,,
,,,,,,,,,,,,,,,,,,,,,,,
,,,,,,,,,,,,,,,,,,,,,,,
,,,,,,,,,,,,,,,,,,,,,,,
,,,,,,,,,,,,,,,,,,,,,,,
,,,,,,,,,,,,,,,,,,,,,,,
,,,,,,,,,,,,,,,,,,,,,,,
,,,,,,,,,,,,,,,,,,,,,,,
,,,,,,,,,,,,,,,,,,,,,,,
,,,,,,,,,,,,,,,,,,,,,,,
,,,,,,,,,,,,,,,,,,,,,,,
,,,,,,,,,,,,,,,,,,,,,,,
,,,,,,,,,,,,,,,,,,,,,,,
,,,,,,,,,,,,,,,,,,,,,,,
,,,,,,,,,,,,,,,,,,,,,,,
,,,,,,,,,,,,,,,,,,,,,,,
,,,,,,,,,,,,,,,,,,,,,,,
,,,,,,,,,,,,,,,,,,,,,,,
,,,,,,,,,,,,,,,,,,,,,,,
,,,,,,,,,,,,,,,,,,,,,,,
,,,,,,,,,,,,,,,,,,,,,,,
,,,,,,,,,,,,,,,,,,,,,,,
,,,,,,,,,,,,,,,,,,,,,,,
,,,,,,,,,,,,,,,,,,,,,,,
,,,,,,,,,,,,,,,,,,,,,,,
,,,,,,,,,,,,,,,,,,,,,,,
,,,,,,,,,,,,,,,,,,,,,,,
,,,,,,,,,,,,,,,,,,,,,,,
,,,,,,,,,,,,,,,,,,,,,,,
,,,,,,,,,,,,,,,,,,,,,,,
,,,,,,,,,,,,,,,,,,,,,,,
,,,,,,,,,,,,,,,,,,,,,,,
,,,,,,,,,,,,,,,,,,,,,,,
,,,,,,,,,,,,,,,,,,,,,,,
,,,,,,,,,,,,,,,,,,,,,,,
,,,,,,,,,,,,,,,,,,,,,,,
,,,,,,,,,,,,,,,,,,,,,,,
,,,,,,,,,,,,,,,,,,,,,,,
,,,,,,,,,,,,,,,,,,,,,,,
,,,,,,,,,,,,,,,,,,,,,,,
,,,,,,,,,,,,,,,,,,,,,,,
,,,,,,,,,,,,,,,,,,,,,,,
,,,,,,,,,,,,,,,,,,,,,,,
,,,,,,,,,,,,,,,,,,,,,,,
,,,,,,,,,,,,,,,,,,,,,,,
,,,,,,,,,,,,,,,,,,,,,,,
,,,,,,,,,,,,,,,,,,,,,,,
,,,,,,,,,,,,,,,,,,,,,,,
,,,,,,,,,,,,,,,,,,,,,,,
,,,,,,,,,,,,,,,,,,,,,,,
,,,,,,,,,,,,,,,,,,,,,,,
,,,,,,,,,,,,,,,,,,,,,,,
,,,,,,,,,,,,,,,,,,,,,,,
,,,,,,,,,,,,,,,,,,,,,,,
,,,,,,,,,,,,,,,,,,,,,,,
,,,,,,,,,,,,,,,,,,,,,,,
,,,,,,,,,,,,,,,,,,,,,,,
,,,,,,,,,,,,,,,,,,,,,,,
,,,,,,,,,,,,,,,,,,,,,,,
,,,,,,,,,,,,,,,,,,,,,,,
,,,,,,,,,,,,,,,,,,,,,,,
,,,,,,,,,,,,,,,,,,,,,,,
,,,,,,,,,,,,,,,,,,,,,,,
,,,,,,,,,,,,,,,,,,,,,,,
,,,,,,,,,,,,,,,,,,,,,,,
,,,,,,,,,,,,,,,,,,,,,,,
,,,,,,,,,,,,,,,,,,,,,,,
,,,,,,,,,,,,,,,,,,,,,,,
,,,,,,,,,,,,,,,,,,,,,,,
,,,,,,,,,,,,,,,,,,,,,,,
,,,,,,,,,,,,,,,,,,,,,,,
,,,,,,,,,,,,,,,,,,,,,,,
,,,,,,,,,,,,,,,,,,,,,,,
,,,,,,,,,,,,,,,,,,,,,,,
,,,,,,,,,,,,,,,,,,,,,,,
,,,,,,,,,,,,,,,,,,,,,,,
,,,,,,,,,,,,,,,,,,,,,,,
,,,,,,,,,,,,,,,,,,,,,,,
,,,,,,,,,,,,,,,,,,,,,,,
,,,,,,,,,,,,,,,,,,,,,,,
,,,,,,,,,,,,,,,,,,,,,,,
,,,,,,,,,,,,,,,,,,,,,,,
,,,,,,,,,,,,,,,,,,,,,,,
,,,,,,,,,,,,,,,,,,,,,,,
,,,,,,,,,,,,,,,,,,,,,,,
,,,,,,,,,,,,,,,,,,,,,,,
,,,,,,,,,,,,,,,,,,,,,,,
,,,,,,,,,,,,,,,,,,,,,,,
,,,,,,,,,,,,,,,,,,,,,,,
,,,,,,,,,,,,,,,,,,,,,,,
,,,,,,,,,,,,,,,,,,,,,,,
,,,,,,,,,,,,,,,,,,,,,,,
,,,,,,,,,,,,,,,,,,,,,,,
,,,,,,,,,,,,,,,,,,,,,,,
,,,,,,,,,,,,,,,,,,,,,,,
,,,,,,,,,,,,,,,,,,,,,,,
,,,,,,,,,,,,,,,,,,,,,,,
,,,,,,,,,,,,,,,,,,,,,,,
,,,,,,,,,,,,,,,,,,,,,,,
,,,,,,,,,,,,,,,,,,,,,,,
,,,,,,,,,,,,,,,,,,,,,,,
,,,,,,,,,,,,,,,,,,,,,,,
,,,,,,,,,,,,,,,,,,,,,,,
,,,,,,,,,,,,,,,,,,,,,,,
,,,,,,,,,,,,,,,,,,,,,,,
,,,,,,,,,,,,,,,,,,,,,,,
,,,,,,,,,,,,,,,,,,,,,,,
,,,,,,,,,,,,,,,,,,,,,,,
,,,,,,,,,,,,,,,,,,,,,,,
,,,,,,,,,,,,,,,,,,,,,,,
,,,,,,,,,,,,,,,,,,,,,,,
,,,,,,,,,,,,,,,,,,,,,,,
,,,,,,,,,,,,,,,,,,,,,,,
,,,,,,,,,,,,,,,,,,,,,,,
,,,,,,,,,,,,,,,,,,,,,,,
,,,,,,,,,,,,,,,,,,,,,,,
,,,,,,,,,,,,,,,,,,,,,,,
,,,,,,,,,,,,,,,,,,,,,,,
,,,,,,,,,,,,,,,,,,,,,,,
,,,,,,,,,,,,,,,,,,,,,,,
,,,,,,,,,,,,,,,,,,,,,,,
,,,,,,,,,,,,,,,,,,,,,,,
,,,,,,,,,,,,,,,,,,,,,,,
,,,,,,,,,,,,,,,,,,,,,,,
,,,,,,,,,,,,,,,,,,,,,,,
,,,,,,,,,,,,,,,,,,,,,,,
,,,,,,,,,,,,,,,,,,,,,,,
,,,,,,,,,,,,,,,,,,,,,,,
,,,,,,,,,,,,,,,,,,,,,,,
,,,,,,,,,,,,,,,,,,,,,,,
,,,,,,,,,,,,,,,,,,,,,,,
,,,,,,,,,,,,,,,,,,,,,,,
,,,,,,,,,,,,,,,,,,,,,,,
,,,,,,,,,,,,,,,,,,,,,,,
,,,,,,,,,,,,,,,,,,,,,,,
,,,,,,,,,,,,,,,,,,,,,,,
,,,,,,,,,,,,,,,,,,,,,,,
,,,,,,,,,,,,,,,,,,,,,,,
,,,,,,,,,,,,,,,,,,,,,,,
,,,,,,,,,,,,,,,,,,,,,,,
,,,,,,,,,,,,,,,,,,,,,,,
,,,,,,,,,,,,,,,,,,,,,,,
,,,,,,,,,,,,,,,,,,,,,,,
,,,,,,,,,,,,,,,,,,,,,,,
,,,,,,,,,,,,,,,,,,,,,,,
,,,,,,,,,,,,,,,,,,,,,,,
,,,,,,,,,,,,,,,,,,,,,,,
,,,,,,,,,,,,,,,,,,,,,,,
,,,,,,,,,,,,,,,,,,,,,,,
,,,,,,,,,,,,,,,,,,,,,,,
,,,,,,,,,,,,,,,,,,,,,,,
,,,,,,,,,,,,,,,,,,,,,,,
,,,,,,,,,,,,,,,,,,,,,,,
,,,,,,,,,,,,,,,,,,,,,,,
,,,,,,,,,,,,,,,,,,,,,,,
,,,,,,,,,,,,,,,,,,,,,,,
,,,,,,,,,,,,,,,,,,,,,,,
,,,,,,,,,,,,,,,,,,,,,,,
,,,,,,,,,,,,,,,,,,,,,,,
,,,,,,,,,,,,,,,,,,,,,,,
,,,,,,,,,,,,,,,,,,,,,,,
,,,,,,,,,,,,,,,,,,,,,,,
,,,,,,,,,,,,,,,,,,,,,,,
,,,,,,,,,,,,,,,,,,,,,,,
,,,,,,,,,,,,,,,,,,,,,,,
,,,,,,,,,,,,,,,,,,,,,,,
,,,,,,,,,,,,,,,,,,,,,,,
,,,,,,,,,,,,,,,,,,,,,,,
,,,,,,,,,,,,,,,,,,,,,,,
,,,,,,,,,,,,,,,,,,,,,,,
,,,,,,,,,,,,,,,,,,,,,,,
,,,,,,,,,,,,,,,,,,,,,,,
,,,,,,,,,,,,,,,,,,,,,,,
,,,,,,,,,,,,,,,,,,,,,,,
,,,,,,,,,,,,,,,,,,,,,,,
,,,,,,,,,,,,,,,,,,,,,,,
,,,,,,,,,,,,,,,,,,,,,,,
,,,,,,,,,,,,,,,,,,,,,,,
,,,,,,,,,,,,,,,,,,,,,,,
,,,,,,,,,,,,,,,,,,,,,,,
,,,,,,,,,,,,,,,,,,,,,,,
,,,,,,,,,,,,,,,,,,,,,,,
,,,,,,,,,,,,,,,,,,,,,,,
,,,,,,,,,,,,,,,,,,,,,,,
,,,,,,,,,,,,,,,,,,,,,,,
,,,,,,,,,,,,,,,,,,,,,,,
,,,,,,,,,,,,,,,,,,,,,,,
,,,,,,,,,,,,,,,,,,,,,,,
,,,,,,,,,,,,,,,,,,,,,,,
,,,,,,,,,,,,,,,,,,,,,,,
,,,,,,,,,,,,,,,,,,,,,,,
,,,,,,,,,,,,,,,,,,,,,,,
,,,,,,,,,,,,,,,,,,,,,,,
,,,,,,,,,,,,,,,,,,,,,,,
,,,,,,,,,,,,,,,,,,,,,,,
,,,,,,,,,,,,,,,,,,,,,,,
,,,,,,,,,,,,,,,,,,,,,,,
,,,,,,,,,,,,,,,,,,,,,,,
,,,,,,,,,,,,,,,,,,,,,,,
,,,,,,,,,,,,,,,,,,,,,,,
,,,,,,,,,,,,,,,,,,,,,,,
,,,,,,,,,,,,,,,,,,,,,,,
,,,,,,,,,,,,,,,,,,,,,,,
,,,,,,,,,,,,,,,,,,,,,,,
,,,,,,,,,,,,,,,,,,,,,,,
,,,,,,,,,,,,,,,,,,,,,,,
,,,,,,,,,,,,,,,,,,,,,,,
,,,,,,,,,,,,,,,,,,,,,,,
,,,,,,,,,,,,,,,,,,,,,,,
,,,,,,,,,,,,,,,,,,,,,,,
,,,,,,,,,,,,,,,,,,,,,,,
,,,,,,,,,,,,,,,,,,,,,,,
,,,,,,,,,,,,,,,,,,,,,,,
,,,,,,,,,,,,,,,,,,,,,,,
,,,,,,,,,,,,,,,,,,,,,,,
,,,,,,,,,,,,,,,,,,,,,,,
,,,,,,,,,,,,,,,,,,,,,,,
,,,,,,,,,,,,,,,,,,,,,,,
,,,,,,,,,,,,,,,,,,,,,,,
,,,,,,,,,,,,,,,,,,,,,,,
,,,,,,,,,,,,,,,,,,,,,,,
,,,,,,,,,,,,,,,,,,,,,,,
,,,,,,,,,,,,,,,,,,,,,,,
,,,,,,,,,,,,,,,,,,,,,,,
,,,,,,,,,,,,,,,,,,,,,,,
,,,,,,,,,,,,,,,,,,,,,,,
,,,,,,,,,,,,,,,,,,,,,,,
,,,,,,,,,,,,,,,,,,,,,,,
,,,,,,,,,,,,,,,,,,,,,,,
,,,,,,,,,,,,,,,,,,,,,,,
,,,,,,,,,,,,,,,,,,,,,,,
,,,,,,,,,,,,,,,,,,,,,,,
,,,,,,,,,,,,,,,,,,,,,,,
,,,,,,,,,,,,,,,,,,,,,,,
,,,,,,,,,,,,,,,,,,,,,,,
,,,,,,,,,,,,,,,,,,,,,,,
,,,,,,,,,,,,,,,,,,,,,,,
,,,,,,,,,,,,,,,,,,,,,,,
,,,,,,,,,,,,,,,,,,,,,,,
,,,,,,,,,,,,,,,,,,,,,,,
,,,,,,,,,,,,,,,,,,,,,,,
,,,,,,,,,,,,,,,,,,,,,,,
,,,,,,,,,,,,,,,,,,,,,,,
,,,,,,,,,,,,,,,,,,,,,,,
,,,,,,,,,,,,,,,,,,,,,,,
,,,,,,,,,,,,,,,,,,,,,,,
,,,,,,,,,,,,,,,,,,,,,,,
,,,,,,,,,,,,,,,,,,,,,,,
,,,,,,,,,,,,,,,,,,,,,,,
,,,,,,,,,,,,,,,,,,,,,,,
,,,,,,,,,,,,,,,,,,,,,,,
,,,,,,,,,,,,,,,,,,,,,,,
,,,,,,,,,,,,,,,,,,,,,,,
,,,,,,,,,,,,,,,,,,,,,,,
,,,,,,,,,,,,,,,,,,,,,,,
,,,,,,,,,,,,,,,,,,,,,,,
,,,,,,,,,,,,,,,,,,,,,,,
,,,,,,,,,,,,,,,,,,,,,,,
,,,,,,,,,,,,,,,,,,,,,,,
,,,,,,,,,,,,,,,,,,,,,,,
,,,,,,,,,,,,,,,,,,,,,,,
,,,,,,,,,,,,,,,,,,,,,,,
,,,,,,,,,,,,,,,,,,,,,,,
,,,,,,,,,,,,,,,,,,,,,,,
,,,,,,,,,,,,,,,,,,,,,,,
,,,,,,,,,,,,,,,,,,,,,,,
,,,,,,,,,,,,,,,,,,,,,,,
,,,,,,,,,,,,,,,,,,,,,,,
,,,,,,,,,,,,,,,,,,,,,,,
,,,,,,,,,,,,,,,,,,,,,,,
,,,,,,,,,,,,,,,,,,,,,,,
,,,,,,,,,,,,,,,,,,,,,,,
,,,,,,,,,,,,,,,,,,,,,,,
,,,,,,,,,,,,,,,,,,,,,,,
,,,,,,,,,,,,,,,,,,,,,,,
,,,,,,,,,,,,,,,,,,,,,,,
,,,,,,,,,,,,,,,,,,,,,,,
,,,,,,,,,,,,,,,,,,,,,,,
,,,,,,,,,,,,,,,,,,,,,,,
,,,,,,,,,,,,,,,,,,,,,,,
,,,,,,,,,,,,,,,,,,,,,,,
,,,,,,,,,,,,,,,,,,,,,,,
,,,,,,,,,,,,,,,,,,,,,,,
,,,,,,,,,,,,,,,,,,,,,,,
,,,,,,,,,,,,,,,,,,,,,,,
,,,,,,,,,,,,,,,,,,,,,,,
,,,,,,,,,,,,,,,,,,,,,,,
,,,,,,,,,,,,,,,,,,,,,,,
,,,,,,,,,,,,,,,,,,,,,,,
,,,,,,,,,,,,,,,,,,,,,,,
,,,,,,,,,,,,,,,,,,,,,,,
,,,,,,,,,,,,,,,,,,,,,,,
,,,,,,,,,,,,,,,,,,,,,,,
,,,,,,,,,,,,,,,,,,,,,,,
,,,,,,,,,,,,,,,,,,,,,,,
,,,,,,,,,,,,,,,,,,,,,,,
,,,,,,,,,,,,,,,,,,,,,,,
,,,,,,,,,,,,,,,,,,,,,,,
,,,,,,,,,,,,,,,,,,,,,,,
,,,,,,,,,,,,,,,,,,,,,,,
,,,,,,,,,,,,,,,,,,,,,,,
,,,,,,,,,,,,,,,,,,,,,,,
,,,,,,,,,,,,,,,,,,,,,,,
,,,,,,,,,,,,,,,,,,,,,,,
,,,,,,,,,,,,,,,,,,,,,,,
,,,,,,,,,,,,,,,,,,,,,,,
,,,,,,,,,,,,,,,,,,,,,,,
,,,,,,,,,,,,,,,,,,,,,,,
,,,,,,,,,,,,,,,,,,,,,,,
,,,,,,,,,,,,,,,,,,,,,,,
,,,,,,,,,,,,,,,,,,,,,,,
,,,,,,,,,,,,,,,,,,,,,,,
,,,,,,,,,,,,,,,,,,,,,,,
,,,,,,,,,,,,,,,,,,,,,,,
,,,,,,,,,,,,,,,,,,,,,,,
,,,,,,,,,,,,,,,,,,,,,,,
,,,,,,,,,,,,,,,,,,,,,,,
,,,,,,,,,,,,,,,,,,,,,,,
,,,,,,,,,,,,,,,,,,,,,,,
,,,,,,,,,,,,,,,,,,,,,,,
,,,,,,,,,,,,,,,,,,,,,,,
,,,,,,,,,,,,,,,,,,,,,,,
,,,,,,,,,,,,,,,,,,,,,,,
,,,,,,,,,,,,,,,,,,,,,,,
,,,,,,,,,,,,,,,,,,,,,,,
,,,,,,,,,,,,,,,,,,,,,,,
,,,,,,,,,,,,,,,,,,,,,,,
,,,,,,,,,,,,,,,,,,,,,,,
,,,,,,,,,,,,,,,,,,,,,,,
,,,,,,,,,,,,,,,,,,,,,,,
,,,,,,,,,,,,,,,,,,,,,,,
,,,,,,,,,,,,,,,,,,,,,,,
,,,,,,,,,,,,,,,,,,,,,,,
,,,,,,,,,,,,,,,,,,,,,,,
,,,,,,,,,,,,,,,,,,,,,,,
,,,,,,,,,,,,,,,,,,,,,,,
,,,,,,,,,,,,,,,,,,,,,,,
,,,,,,,,,,,,,,,,,,,,,,,
,,,,,,,,,,,,,,,,,,,,,,,
,,,,,,,,,,,,,,,,,,,,,,,
,,,,,,,,,,,,,,,,,,,,,,,
,,,,,,,,,,,,,,,,,,,,,,,
,,,,,,,,,,,,,,,,,,,,,,,
,,,,,,,,,,,,,,,,,,,,,,,
,,,,,,,,,,,,,,,,,,,,,,,
,,,,,,,,,,,,,,,,,,,,,,,
,,,,,,,,,,,,,,,,,,,,,,,
,,,,,,,,,,,,,,,,,,,,,,,
,,,,,,,,,,,,,,,,,,,,,,,
,,,,,,,,,,,,,,,,,,,,,,,
,,,,,,,,,,,,,,,,,,,,,,,
,,,,,,,,,,,,,,,,,,,,,,,
,,,,,,,,,,,,,,,,,,,,,,,
,,,,,,,,,,,,,,,,,,,,,,,
,,,,,,,,,,,,,,,,,,,,,,,
,,,,,,,,,,,,,,,,,,,,,,,
,,,,,,,,,,,,,,,,,,,,,,,
,,,,,,,,,,,,,,,,,,,,,,,
,,,,,,,,,,,,,,,,,,,,,,,
,,,,,,,,,,,,,,,,,,,,,,,
,,,,,,,,,,,,,,,,,,,,,,,
,,,,,,,,,,,,,,,,,,,,,,,
,,,,,,,,,,,,,,,,,,,,,,,
,,,,,,,,,,,,,,,,,,,,,,,
,,,,,,,,,,,,,,,,,,,,,,,
,,,,,,,,,,,,,,,,,,,,,,,
,,,,,,,,,,,,,,,,,,,,,,,
,,,,,,,,,,,,,,,,,,,,,,,
,,,,,,,,,,,,,,,,,,,,,,,
,,,,,,,,,,,,,,,,,,,,,,,
,,,,,,,,,,,,,,,,,,,,,,,
,,,,,,,,,,,,,,,,,,,,,,,
,,,,,,,,,,,,,,,,,,,,,,,
,,,,,,,,,,,,,,,,,,,,,,,
,,,,,,,,,,,,,,,,,,,,,,,
,,,,,,,,,,,,,,,,,,,,,,,
,,,,,,,,,,,,,,,,,,,,,,,
,,,,,,,,,,,,,,,,,,,,,,,
,,,,,,,,,,,,,,,,,,,,,,,
,,,,,,,,,,,,,,,,,,,,,,,
,,,,,,,,,,,,,,,,,,,,,,,
,,,,,,,,,,,,,,,,,,,,,,,
,,,,,,,,,,,,,,,,,,,,,,,
,,,,,,,,,,,,,,,,,,,,,,,
,,,,,,,,,,,,,,,,,,,,,,,
,,,,,,,,,,,,,,,,,,,,,,,
,,,,,,,,,,,,,,,,,,,,,,,
,,,,,,,,,,,,,,,,,,,,,,,
,,,,,,,,,,,,,,,,,,,,,,,
,,,,,,,,,,,,,,,,,,,,,,,
,,,,,,,,,,,,,,,,,,,,,,,
,,,,,,,,,,,,,,,,,,,,,,,
,,,,,,,,,,,,,,,,,,,,,,,
,,,,,,,,,,,,,,,,,,,,,,,
,,,,,,,,,,,,,,,,,,,,,,,
,,,,,,,,,,,,,,,,,,,,,,,
,,,,,,,,,,,,,,,,,,,,,,,
,,,,,,,,,,,,,,,,,,,,,,,
,,,,,,,,,,,,,,,,,,,,,,,
,,,,,,,,,,,,,,,,,,,,,,,
,,,,,,,,,,,,,,,,,,,,,,,
,,,,,,,,,,,,,,,,,,,,,,,
,,,,,,,,,,,,,,,,,,,,,,,
,,,,,,,,,,,,,,,,,,,,,,,
,,,,,,,,,,,,,,,,,,,,,,,
,,,,,,,,,,,,,,,,,,,,,,,
,,,,,,,,,,,,,,,,,,,,,,,
,,,,,,,,,,,,,,,,,,,,,,,
,,,,,,,,,,,,,,,,,,,,,,,
,,,,,,,,,,,,,,,,,,,,,,,
,,,,,,,,,,,,,,,,,,,,,,,
,,,,,,,,,,,,,,,,,,,,,,,
,,,,,,,,,,,,,,,,,,,,,,,
,,,,,,,,,,,,,,,,,,,,,,,
,,,,,,,,,,,,,,,,,,,,,,,
,,,,,,,,,,,,,,,,,,,,,,,
,,,,,,,,,,,,,,,,,,,,,,,
,,,,,,,,,,,,,,,,,,,,,,,
,,,,,,,,,,,,,,,,,,,,,,,
,,,,,,,,,,,,,,,,,,,,,,,
,,,,,,,,,,,,,,,,,,,,,,,
,,,,,,,,,,,,,,,,,,,,,,,
,,,,,,,,,,,,,,,,,,,,,,,
,,,,,,,,,,,,,,,,,,,,,,,
,,,,,,,,,,,,,,,,,,,,,,,
,,,,,,,,,,,,,,,,,,,,,,,
,,,,,,,,,,,,,,,,,,,,,,,
,,,,,,,,,,,,,,,,,,,,,,,
,,,,,,,,,,,,,,,,,,,,,,,
,,,,,,,,,,,,,,,,,,,,,,,
,,,,,,,,,,,,,,,,,,,,,,,
,,,,,,,,,,,,,,,,,,,,,,,
,,,,,,,,,,,,,,,,,,,,,,,
,,,,,,,,,,,,,,,,,,,,,,,
,,,,,,,,,,,,,,,,,,,,,,,
,,,,,,,,,,,,,,,,,,,,,,,
,,,,,,,,,,,,,,,,,,,,,,,
,,,,,,,,,,,,,,,,,,,,,,,
,,,,,,,,,,,,,,,,,,,,,,,
,,,,,,,,,,,,,,,,,,,,,,,
,,,,,,,,,,,,,,,,,,,,,,,
,,,,,,,,,,,,,,,,,,,,,,,
,,,,,,,,,,,,,,,,,,,,,,,
,,,,,,,,,,,,,,,,,,,,,,,
,,,,,,,,,,,,,,,,,,,,,,,
,,,,,,,,,,,,,,,,,,,,,,,
,,,,,,,,,,,,,,,,,,,,,,,
,,,,,,,,,,,,,,,,,,,,,,,
,,,,,,,,,,,,,,,,,,,,,,,
,,,,,,,,,,,,,,,,,,,,,,,
,,,,,,,,,,,,,,,,,,,,,,,
,,,,,,,,,,,,,,,,,,,,,,,
,,,,,,,,,,,,,,,,,,,,,,,
,,,,,,,,,,,,,,,,,,,,,,,
,,,,,,,,,,,,,,,,,,,,,,,
,,,,,,,,,,,,,,,,,,,,,,,
,,,,,,,,,,,,,,,,,,,,,,,
,,,,,,,,,,,,,,,,,,,,,,,
,,,,,,,,,,,,,,,,,,,,,,,
,,,,,,,,,,,,,,,,,,,,,,,
,,,,,,,,,,,,,,,,,,,,,,,
,,,,,,,,,,,,,,,,,,,,,,,
,,,,,,,,,,,,,,,,,,,,,,,
,,,,,,,,,,,,,,,,,,,,,,,
,,,,,,,,,,,,,,,,,,,,,,,
,,,,,,,,,,,,,,,,,,,,,,,
,,,,,,,,,,,,,,,,,,,,,,,
,,,,,,,,,,,,,,,,,,,,,,,
,,,,,,,,,,,,,,,,,,,,,,,
,,,,,,,,,,,,,,,,,,,,,,,
,,,,,,,,,,,,,,,,,,,,,,,
,,,,,,,,,,,,,,,,,,,,,,,
,,,,,,,,,,,,,,,,,,,,,,,
,,,,,,,,,,,,,,,,,,,,,,,
,,,,,,,,,,,,,,,,,,,,,,,
,,,,,,,,,,,,,,,,,,,,,,,
,,,,,,,,,,,,,,,,,,,,,,,
,,,,,,,,,,,,,,,,,,,,,,,
,,,,,,,,,,,,,,,,,,,,,,,
,,,,,,,,,,,,,,,,,,,,,,,
,,,,,,,,,,,,,,,,,,,,,,,
,,,,,,,,,,,,,,,,,,,,,,,
,,,,,,,,,,,,,,,,,,,,,,,
,,,,,,,,,,,,,,,,,,,,,,,
,,,,,,,,,,,,,,,,,,,,,,,
,,,,,,,,,,,,,,,,,,,,,,,
,,,,,,,,,,,,,,,,,,,,,,,
,,,,,,,,,,,,,,,,,,,,,,,
,,,,,,,,,,,,,,,,,,,,,,,
,,,,,,,,,,,,,,,,,,,,,,,
,,,,,,,,,,,,,,,,,,,,,,,
,,,,,,,,,,,,,,,,,,,,,,,
,,,,,,,,,,,,,,,,,,,,,,,
,,,,,,,,,,,,,,,,,,,,,,,
,,,,,,,,,,,,,,,,,,,,,,,
,,,,,,,,,,,,,,,,,,,,,,,
,,,,,,,,,,,,,,,,,,,,,,,
,,,,,,,,,,,,,,,,,,,,,,,
,,,,,,,,,,,,,,,,,,,,,,,
,,,,,,,,,,,,,,,,,,,,,,,
,,,,,,,,,,,,,,,,,,,,,,,
,,,,,,,,,,,,,,,,,,,,,,,
,,,,,,,,,,,,,,,,,,,,,,,
,,,,,,,,,,,,,,,,,,,,,,,
,,,,,,,,,,,,,,,,,,,,,,,
,,,,,,,,,,,,,,,,,,,,,,,
,,,,,,,,,,,,,,,,,,,,,,,
,,,,,,,,,,,,,,,,,,,,,,,
,,,,,,,,,,,,,,,,,,,,,,,
,,,,,,,,,,,,,,,,,,,,,,,
,,,,,,,,,,,,,,,,,,,,,,,
,,,,,,,,,,,,,,,,,,,,,,,
,,,,,,,,,,,,,,,,,,,,,,,
,,,,,,,,,,,,,,,,,,,,,,,
,,,,,,,,,,,,,,,,,,,,,,,
,,,,,,,,,,,,,,,,,,,,,,,
,,,,,,,,,,,,,,,,,,,,,,,
,,,,,,,,,,,,,,,,,,,,,,,
,,,,,,,,,,,,,,,,,,,,,,,
,,,,,,,,,,,,,,,,,,,,,,,
,,,,,,,,,,,,,,,,,,,,,,,
,,,,,,,,,,,,,,,,,,,,,,,
,,,,,,,,,,,,,,,,,,,,,,,
,,,,,,,,,,,,,,,,,,,,,,,
,,,,,,,,,,,,,,,,,,,,,,,
,,,,,,,,,,,,,,,,,,,,,,,
,,,,,,,,,,,,,,,,,,,,,,,
,,,,,,,,,,,,,,,,,,,,,,,
,,,,,,,,,,,,,,,,,,,,,,,
,,,,,,,,,,,,,,,,,,,,,,,
,,,,,,,,,,,,,,,,,,,,,,,
,,,,,,,,,,,,,,,,,,,,,,,
,,,,,,,,,,,,,,,,,,,,,,,
,,,,,,,,,,,,,,,,,,,,,,,
,,,,,,,,,,,,,,,,,,,,,,,
,,,,,,,,,,,,,,,,,,,,,,,
,,,,,,,,,,,,,,,,,,,,,,,
,,,,,,,,,,,,,,,,,,,,,,,
,,,,,,,,,,,,,,,,,,,,,,,
,,,,,,,,,,,,,,,,,,,,,,,
,,,,,,,,,,,,,,,,,,,,,,,
,,,,,,,,,,,,,,,,,,,,,,,
,,,,,,,,,,,,,,,,,,,,,,,
,,,,,,,,,,,,,,,,,,,,,,,
,,,,,,,,,,,,,,,,,,,,,,,
,,,,,,,,,,,,,,,,,,,,,,,
,,,,,,,,,,,,,,,,,,,,,,,
,,,,,,,,,,,,,,,,,,,,,,,
,,,,,,,,,,,,,,,,,,,,,,,
,,,,,,,,,,,,,,,,,,,,,,,
,,,,,,,,,,,,,,,,,,,,,,,
,,,,,,,,,,,,,,,,,,,,,,,
,,,,,,,,,,,,,,,,,,,,,,,
,,,,,,,,,,,,,,,,,,,,,,,
,,,,,,,,,,,,,,,,,,,,,,,
,,,,,,,,,,,,,,,,,,,,,,,
,,,,,,,,,,,,,,,,,,,,,,,
,,,,,,,,,,,,,,,,,,,,,,,
,,,,,,,,,,,,,,,,,,,,,,,
,,,,,,,,,,,,,,,,,,,,,,,
,,,,,,,,,,,,,,,,,,,,,,,
,,,,,,,,,,,,,,,,,,,,,,,
,,,,,,,,,,,,,,,,,,,,,,,
,,,,,,,,,,,,,,,,,,,,,,,
,,,,,,,,,,,,,,,,,,,,,,,
,,,,,,,,,,,,,,,,,,,,,,,
,,,,,,,,,,,,,,,,,,,,,,,
,,,,,,,,,,,,,,,,,,,,,,,
,,,,,,,,,,,,,,,,,,,,,,,
,,,,,,,,,,,,,,,,,,,,,,,
,,,,,,,,,,,,,,,,,,,,,,,
,,,,,,,,,,,,,,,,,,,,,,,
,,,,,,,,,,,,,,,,,,,,,,,
,,,,,,,,,,,,,,,,,,,,,,,
,,,,,,,,,,,,,,,,,,,,,,,
,,,,,,,,,,,,,,,,,,,,,,,
,,,,,,,,,,,,,,,,,,,,,,,
,,,,,,,,,,,,,,,,,,,,,,,
,,,,,,,,,,,,,,,,,,,,,,,
,,,,,,,,,,,,,,,,,,,,,,,
,,,,,,,,,,,,,,,,,,,,,,,
,,,,,,,,,,,,,,,,,,,,,,,
,,,,,,,,,,,,,,,,,,,,,,,
,,,,,,,,,,,,,,,,,,,,,,,
,,,,,,,,,,,,,,,,,,,,,,,
,,,,,,,,,,,,,,,,,,,,,,,
,,,,,,,,,,,,,,,,,,,,,,,
,,,,,,,,,,,,,,,,,,,,,,,
,,,,,,,,,,,,,,,,,,,,,,,
,,,,,,,,,,,,,,,,,,,,,,,
,,,,,,,,,,,,,,,,,,,,,,,
,,,,,,,,,,,,,,,,,,,,,,,
,,,,,,,,,,,,,,,,,,,,,,,
,,,,,,,,,,,,,,,,,,,,,,,
,,,,,,,,,,,,,,,,,,,,,,,
,,,,,,,,,,,,,,,,,,,,,,,
,,,,,,,,,,,,,,,,,,,,,,,
,,,,,,,,,,,,,,,,,,,,,,,
,,,,,,,,,,,,,,,,,,,,,,,
,,,,,,,,,,,,,,,,,,,,,,,
,,,,,,,,,,,,,,,,,,,,,,,
,,,,,,,,,,,,,,,,,,,,,,,
,,,,,,,,,,,,,,,,,,,,,,,
,,,,,,,,,,,,,,,,,,,,,,,
,,,,,,,,,,,,,,,,,,,,,,,
,,,,,,,,,,,,,,,,,,,,,,,
,,,,,,,,,,,,,,,,,,,,,,,
,,,,,,,,,,,,,,,,,,,,,,,
,,,,,,,,,,,,,,,,,,,,,,,
,,,,,,,,,,,,,,,,,,,,,,,
,,,,,,,,,,,,,,,,,,,,,,,
,,,,,,,,,,,,,,,,,,,,,,,
,,,,,,,,,,,,,,,,,,,,,,,
,,,,,,,,,,,,,,,,,,,,,,,
,,,,,,,,,,,,,,,,,,,,,,,
,,,,,,,,,,,,,,,,,,,,,,,
,,,,,,,,,,,,,,,,,,,,,,,
,,,,,,,,,,,,,,,,,,,,,,,
,,,,,,,,,,,,,,,,,,,,,,,
,,,,,,,,,,,,,,,,,,,,,,,
,,,,,,,,,,,,,,,,,,,,,,,
,,,,,,,,,,,,,,,,,,,,,,,
,,,,,,,,,,,,,,,,,,,,,,,
,,,,,,,,,,,,,,,,,,,,,,,
,,,,,,,,,,,,,,,,,,,,,,,
,,,,,,,,,,,,,,,,,,,,,,,
,,,,,,,,,,,,,,,,,,,,,,,
,,,,,,,,,,,,,,,,,,,,,,,
,,,,,,,,,,,,,,,,,,,,,,,
,,,,,,,,,,,,,,,,,,,,,,,
,,,,,,,,,,,,,,,,,,,,,,,
,,,,,,,,,,,,,,,,,,,,,,,
,,,,,,,,,,,,,,,,,,,,,,,
,,,,,,,,,,,,,,,,,,,,,,,
,,,,,,,,,,,,,,,,,,,,,,,
,,,,,,,,,,,,,,,,,,,,,,,
,,,,,,,,,,,,,,,,,,,,,,,
,,,,,,,,,,,,,,,,,,,,,,,
,,,,,,,,,,,,,,,,,,,,,,,
,,,,,,,,,,,,,,,,,,,,,,,
,,,,,,,,,,,,,,,,,,,,,,,
,,,,,,,,,,,,,,,,,,,,,,,
,,,,,,,,,,,,,,,,,,,,,,,
,,,,,,,,,,,,,,,,,,,,,,,
,,,,,,,,,,,,,,,,,,,,,,,
,,,,,,,,,,,,,,,,,,,,,,,
,,,,,,,,,,,,,,,,,,,,,,,
,,,,,,,,,,,,,,,,,,,,,,,
,,,,,,,,,,,,,,,,,,,,,,,
,,,,,,,,,,,,,,,,,,,,,,,
,,,,,,,,,,,,,,,,,,,,,,,
